D1745477_R.png,300,551,1137,1532
D1745517_L.png,309,686,1379,1759
D1751214_L.png,243,478,1093,1514
D1751214_R.png,231,533,1078,1533
D1801607_L.png,228,483,1107,1499
D1801607_R.png,219,518,1086,1523
D1810813_L.png,344,454,1325,1497
D1810813_R.png,96,494,1070,1564
D1823042_L.png,201,466,986,1369
D1825390_L.png,201,466,982,1369
D1829203_L.png,199,477,978,1377
D1832380_L.png,205,472,984,1381
D1835339_R.png,241,302,1125,1285
D1844471_L.png,190,449,990,1383
D1850955_L.png,184,449,992,1390
D1880227_L.png,253,511,1051,1470
D1906166_L.png,253,511,1045,1466
D1924992_L.png,258,511,1036,1455
D1937204_R.png,262,479,1169,1539
D1951431_R.png,262,318,911,1134
D1981784_R.png,151,287,915,1185
D1997086_L.png,304,493,960,1193
D1997086_R.png,158,465,797,1230
D2012810_R.png,199,385,1167,1435
D2033004_R.png,210,323,1093,1273
D2049633_R.png,127,450,1092,1528
D2053195_R.png,203,380,1121,1376
D2054705_L.png,230,471,1057,1485
D2064357_R.png,191,436,1131,1468
D2070443_R.png,133,450,1087,1576
D2071965_R.png,258,323,1146,1275
D2077551_R.png,122,465,1085,1528
D2081224_L.png,67,483,698,1217
D2081224_R.png,167,455,828,1244
D2122039_R.png,111,441,1107,1541
D2154018_L.png,194,307,1100,1373
D2165945_L.png,188,306,1102,1384
D2167941_L.png,190,296,1090,1375
D2234265_L.png,194,336,1073,1390
D2253029_R.png,231,327,1096,1413
D2265068_R.png,208,238,1194,1317
D2334725_R.png,183,365,1117,1425
D2348215_R.png,379,429,1337,1460
D2360583_R.png,317,313,1317,1492
D2408551_L.png,236,476,1110,1468
D2408551_R.png,170,442,1012,1402
D2411190_L.png,202,515,831,1299
D2411190_R.png,73,517,737,1289
D2417438_L.png,229,315,1075,1300
D2417438_R.png,175,300,1018,1322
D2435860_L.png,166,281,1097,1390
D2444150_L.png,294,298,1248,1340
D2444150_R.png,264,516,1132,1521
D2456649_R.png,309,309,1380,1403
D2611898_L.png,163,249,859,1015
D2611898_R.png,44,385,717,1160
D2631643b_R.png,120,387,960,1251
D2631643_R.png,132,336,959,1301
D2633833b_R.png,117,387,957,1275
D2633833_R.png,138,350,967,1258
D2643990_R.png,157,341,860,1120
D2644272_R.png,161,401,794,1129
D2659616_R.png,203,358,1009,1173
D2660240_L.png,118,119,772,869
D2660240_R.png,171,206,829,934
D2666603_L.png,244,237,844,908
D2666603_R.png,196,241,852,908
D2683156_R.png,210,454,951,1274
D2690051_L.png,61,340,773,1123
D2690051_R.png,66,373,742,1147
D2692451_L.png,234,199,945,1109
D2692451_R.png,8,187,674,1013
D2692639_L.png,191,368,813,1160
D2692639_R.png,157,349,830,1153
D2707103_L.png,259,322,913,1082
D2709000_R.png,277,277,944,1085
D2715314_L.png,209,271,776,964
D2715314_R.png,204,257,805,942
D2718335_L.png,223,338,968,1168
D2718335_R.png,243,358,923,1171
D2718379_L.png,250,287,922,1100
D2727131_L.png,193,386,813,1168
D2727131_R.png,322,392,910,1173
D2727829_R.png,264,423,908,1197
D2728021_L.png,185,307,895,1130
D2728021_R.png,151,275,887,1056
D2730108_R.png,247,359,1006,1259
D2732502_L.png,293,173,945,917
D2740309_L.png,288,235,941,1019
D2740309_R.png,66,280,721,1057
D2744714_L.png,224,290,885,1072
D2744714_R.png,199,352,889,1162
D2770899_L.png,114,279,784,1092
D2770899_R.png,53,329,731,1100
D2773265_R.png,234,334,894,1099
D2773855_R.png,172,336,864,1119
D2816666_R.png,134,527,1096,1695
D2819875_L.png,274,366,901,1131
D2819875_R.png,114,337,748,1082
D2823078_L.png,149,224,763,1014
D2824456_R.png,270,340,906,1124
D2851519_R.png,241,348,939,1234
D2855832_L.png,201,288,912,1180
D2855894_L.png,149,285,798,1010
D2855894_R.png,167,278,812,981
D2857053_L.png,31,279,762,1186
D2857053_R.png,121,330,833,1225
D2859691_L.png,270,309,954,1133
D2859691_R.png,240,233,1011,1150
D2864033_L.png,172,295,915,1172
D2864064_L.png,178,421,801,1170
D2864064_R.png,186,460,815,1204
D2869978_L.png,289,393,943,1217
D2870886_R.png,161,201,870,1034
D2874502_L.png,272,423,947,1229
D2874502_R.png,213,427,890,1212
D2875046_L.png,109,361,778,1165
D2875046_R.png,154,341,821,1197
D2875422_R.png,207,455,885,1293
D2876820_R.png,206,241,858,1027
D2877723_L.png,183,351,808,1048
D2877723_R.png,191,381,786,1100
D2884032_L.png,77,209,692,984
D2885131_L.png,257,502,886,1336
D2885131_R.png,76,480,713,1268
D2888929_L.png,158,155,854,1013
D2890226_L.png,179,383,836,1083
D2890226_R.png,174,405,812,1151
D2892022_L.png,112,370,867,1199
D2892022_R.png,192,411,912,1250
D2894210_R.png,83,461,729,1199
D2894296_L.png,66,894,739,1640
D2894296_R.png,87,921,750,1674
D2895659b_L.png,285,345,950,1115
D2895659c_L.png,268,461,980,1265
D2895659d_L.png,178,301,850,1115
D2895659e_L.png,197,313,866,1103
D2895659_L.png,53,161,776,1033
D2898282c_L.png,292,262,958,1061
D2898282d_L.png,170,417,837,1219
D2898282e_L.png,211,357,909,1180
D2898282_L.png,333,393,1036,1221
D2900145_L.png,253,277,941,1122
D2904806_L.png,132,322,784,1069
D2904806_R.png,179,381,837,1147
D2909596_L.png,26,182,635,925
D2909596_R.png,174,205,791,965
D2912799_R.png,208,319,911,1145
D2915104_R.png,213,307,851,1175
D2923717_L.png,249,316,889,1145
D2923717_R.png,211,348,837,1112
D2924484_L.png,317,348,978,1126
D2943103_L.png,122,226,740,953
D2943103_R.png,69,281,676,979
D2944968_L.png,311,235,853,946
D2951545_L.png,268,414,895,1221
D2951545_R.png,262,334,883,1116
D2969071b_L.png,177,340,871,1172
D2969071c_L.png,302,237,999,1001
D2969071d_L.png,174,184,836,1034
D2969071e_L.png,247,337,943,1277
D2969071_L.png,184,341,903,1177
D2976831_L.png,364,246,1028,1176
D2977503_L.png,168,10,836,824
D2988792_R.png,121,315,799,1255
D3000317_L.png,1,336,719,1318
D3000317_R.png,185,334,925,1305
D3005255_L.png,158,367,758,1163
D3005255_R.png,129,330,758,1126
D3008494_R.png,273,227,871,932
D3009413_L.png,83,467,790,1322
D3009413_R.png,72,431,842,1306
D3019819_L.png,180,288,950,1081
D3019819_R.png,227,431,1009,1216
D3026469_R.png,186,279,864,1024
D3034578_R.png,248,403,973,1264
D3043101_L.png,56,460,658,1217
D3043101_R.png,197,444,790,1180
D3044144_L.png,322,427,1012,1265
D3045186_L.png,176,244,887,1057
D3049478_L.png,131,313,731,999
D3049891_L.png,319,280,969,989
D3049891_R.png,103,349,743,1111
D3050417_L.png,177,370,804,1144
D3053496_L.png,126,398,786,1150
D3053496_R.png,178,406,807,1173
D3054460_L.png,77,295,705,1139
D3057566_R.png,498,742,1154,1556
D3080790_L.png,286,290,1060,1180
D3080790_R.png,299,435,917,1226
D3087377_L.png,139,373,781,1091
D3087377_R.png,105,334,775,1047
D3088714_L.png,361,643,1103,1517
D3091984_L.png,199,402,887,1298
D3098131_R.png,159,655,841,1462
D3103188_L.png,463,497,1189,1281
D3110030_L.png,153,400,846,1197
D3113861_L.png,228,288,999,1168
D3113861_R.png,191,383,960,1293
D3113942_L.png,188,328,832,1094
D3113942_R.png,98,330,748,1078
D3128721_L.png,326,302,891,1026
D3131776_L.png,129,151,711,880
D3131776_R.png,138,252,721,951
D3146171_L.png,161,345,874,1201
D3146171_R.png,115,358,820,1197
D3160429_L.png,225,599,911,1369
D3171203_L.png,220,525,944,1416
D3171203_R.png,40,481,831,1407
D3176879_L.png,199,388,835,1149
D3177606_L.png,179,276,796,1034
D3177606_R.png,292,288,910,1081
D3185459_L.png,203,411,859,1161
D3187853_L.png,332,296,958,1048
D3203988_R.png,202,269,881,1082
D3218571b_R.png,181,348,856,1107
D3218571c_R.png,193,307,865,1081
D3218571d_R.png,227,288,886,1021
D3218571_R.png,244,327,879,1079
D3220395_L.png,313,238,953,1045
D3223045_L.png,395,754,1335,1927
D3227406_L.png,290,396,1098,1156
D3227406_R.png,268,353,1025,1107
D3229751_L.png,193,313,820,997
D3231262_L.png,195,277,897,1102
D3231262_R.png,80,379,760,1198
D3232287_L.png,259,336,879,1052
D3236155_L.png,297,422,936,1157
D3237279_L.png,239,239,922,993
D3237279_R.png,147,290,820,1058
D3237551_L.png,217,419,805,1191
D3237551_R.png,326,391,953,1117
D3238552_L.png,65,386,797,1330
D3238552_R.png,125,346,891,1294
D3240701_L.png,168,360,818,1108
D3240701_R.png,235,366,845,1114
D3249685_L.png,346,505,1110,1376
D3250005_L.png,57,503,778,1295
D3250005_R.png,14,523,759,1356
D3251259_L.png,137,447,707,1141
D3251259_R.png,196,421,798,1185
D3251550_L.png,301,352,1103,1249
D3254325_L.png,231,337,1063,1229
D3256501_L.png,88,409,838,1272
D3256501_R.png,105,428,860,1289
D3257347_L.png,209,378,897,1134
D3257347_R.png,179,315,898,1089
D326087_L.png,159,396,879,1279
D326087_R.png,147,423,852,1346
D3261554_L.png,91,410,814,1294
D3261554_R.png,163,390,895,1286
D3262103_L.png,190,336,903,1152
D3267087_L.png,159,389,886,1279
D3267087_R.png,139,438,852,1323
D3279162_L.png,131,508,718,1260
D3279162_R.png,206,489,814,1252
D3283775_R.png,226,340,898,1163
D3293849_L.png,285,370,975,1209
D3300518_R.png,273,310,918,1060
D3307262_L.png,264,384,934,1068
D3316571_L.png,162,257,872,1099
D3316571_R.png,222,235,944,1113
D3334245_L.png,231,381,922,1215
D3336267_L.png,361,390,1027,1156
D3368487_L.png,253,452,919,1282
D3368487_R.png,429,448,1091,1248
D3369311_R.png,192,362,999,1246
D3369663_R.png,103,462,787,1185
D3372461_L.png,206,370,762,1034
D3381167_R.png,150,210,855,1087
D3391007_R.png,176,258,796,945
D3413614_R.png,233,412,940,1239
D3422086_R.png,298,340,1073,1182
D3424168_L.png,205,345,861,1138
D3424168_R.png,105,377,759,1167
D3424865_R.png,238,444,921,1166
D3426081_L.png,243,555,879,1289
D3426081_R.png,264,514,921,1255
D3426191_R.png,283,446,1030,1312
D3427086_R.png,203,288,836,988
D3428080_L.png,119,404,824,1238
D3428424_L.png,121,437,825,1202
D3428424_R.png,174,412,880,1173
D3428688_R.png,232,257,1055,1146
D3429920_L.png,337,375,1054,1173
D3429940_R.png,238,267,894,1035
D3430666_L.png,301,580,943,1332
D3430666_R.png,245,565,899,1319
D3431300_R.png,144,363,877,1185
D3432971_L.png,182,363,888,1186
D3432971_R.png,126,352,860,1179
D3435211_L.png,65,477,716,1211
D3435211_R.png,222,439,866,1152
D3435939_R.png,190,390,914,1247
D3442441_R.png,232,372,997,1169
D3442875_R.png,168,398,899,1174
D3444813_R.png,230,324,959,1103
D3446562_R.png,163,371,960,1220
D3446603_R.png,290,398,1044,1210
D3451363_L.png,147,215,905,1098
D3454766_R.png,272,392,899,1176
D3457108_L.png,138,390,865,1208
D3458627_L.png,333,374,1033,1130
D3459229_R.png,304,160,895,905
D3461920_R.png,119,625,775,1341
D3463361_R.png,44,574,762,1337
D3465117b_L.png,238,297,917,1039
D3465117b_R.png,149,315,820,1134
D3465117c_L.png,230,294,909,1067
D3465117c_R.png,137,351,833,1133
D3465117d_L.png,235,305,911,1041
D3465117d_R.png,151,341,832,1130
D3465117e_L.png,233,294,917,1057
D3465117e_R.png,138,355,846,1126
D3465117f_L.png,242,193,910,949
D3465117f_R.png,140,256,802,1043
D3465117g_L.png,242,219,895,962
D3465117g_R.png,132,243,792,1074
D3465117_L.png,237,283,916,1052
D3465117_R.png,149,326,825,1128
D3468479_L.png,158,240,809,1102
D3468479_R.png,121,223,819,1082
D3468630_L.png,236,272,942,1137
D3471286_L.png,210,364,840,1117
D3471286_R.png,144,400,789,1142
D3472702_L.png,221,258,917,1104
D3472702_R.png,80,299,825,1081
D3472779_R.png,244,348,911,1127
D3472783_R.png,271,316,941,1104
D3473204_L.png,323,508,964,1219
D3473216_L.png,114,407,776,1192
D3473216_R.png,193,430,850,1219
D3473737_L.png,259,425,877,1146
D3474080_L.png,193,247,791,921
D3474575_L.png,142,333,837,1190
D3474575_R.png,183,311,903,1118
D3474900_L.png,377,351,1018,1111
D3475035_L.png,161,588,791,1331
D3475035_R.png,231,539,893,1263
D3475237_R.png,317,257,987,975
D3475592_R.png,275,285,863,951
D3475633_R.png,289,280,948,1025
D3475957_L.png,175,185,783,819
D3475994_L.png,263,570,969,1316
D3475994_R.png,97,351,774,1101
D3476021_R.png,248,362,880,1072
D3476022_L.png,294,311,936,1009
D3476104_R.png,187,552,813,1256
D3476115_L.png,316,240,928,956
D3476115_R.png,308,234,931,935
D3476248_L.png,205,323,870,1103
D3476455_L.png,159,227,733,1003
D3476455_R.png,146,294,768,1021
D3476544_L.png,108,484,830,1282
D3476544_R.png,171,466,905,1268
D3476585_L.png,242,386,957,1192
D3476589_L.png,105,379,791,1164
D3476589_R.png,66,436,781,1234
D3477293_L.png,189,220,860,1023
D3477293_R.png,62,210,753,968
D3477523_L.png,146,631,1232,1840
D3477761_L.png,128,355,757,1126
D3477761_R.png,210,406,857,1169
D3478681_R.png,309,354,938,1116
D3478964_L.png,253,363,891,1059
D3478964_R.png,166,331,774,1038
D3479331_L.png,374,423,1001,1103
D3479380_L.png,245,235,953,972
D3479440_R.png,309,321,909,1020
D3479708_L.png,289,280,1016,1080
D3480112_R.png,188,261,813,947
D3480242_L.png,248,269,900,940
D3480417_L.png,312,254,960,971
D3480509_L.png,222,267,877,995
D3480779_L.png,281,262,881,988
D3480976_R.png,216,208,916,990
D3481005_L.png,258,237,936,922
D3481032_L.png,205,206,896,939
D3481041_L.png,201,240,809,868
D3481041_R.png,151,245,779,879
D3481075_L.png,211,205,817,935
D3481075_R.png,198,204,826,959
D3481274_L.png,136,258,793,1050
D3481274_R.png,130,192,814,961
D3481332_L.png,93,289,701,987
D3481332_R.png,175,277,820,956
D3481481_R.png,223,192,913,909
D3481671_R.png,201,210,880,888
D3481686_R.png,234,273,913,1002
D3481724_L.png,328,229,936,923
D3481724_R.png,137,224,755,877
D3481766_L.png,255,195,903,914
D3483548_L.png,259,258,888,948
D3483628_R.png,162,212,892,979
D3483801_L.png,191,325,793,1046
D3483801_R.png,115,346,773,1063
D3483945_L.png,255,299,859,916
D3483959_L.png,143,326,809,1049
D3483959_R.png,158,311,820,1024
D3483985_L.png,161,353,807,1095
D3483985_R.png,103,349,762,1047
D3484034_L.png,224,328,886,1036
D3484093_L.png,215,332,838,1042
D3484442_L.png,212,239,813,856
D3484542_L.png,213,316,938,1047
D3484795_L.png,175,223,815,974
D3484879_L.png,279,258,950,1033
D3484921_L.png,230,460,903,1217
D3484921_R.png,79,408,751,1170
D3484939_R.png,251,490,969,1304
D3484976_R.png,286,342,971,1047
D3485160_R.png,247,123,1321,1350
D3485317_L.png,266,318,973,1147
D3485317_R.png,154,381,828,1131
D3485332_L.png,298,269,967,1082
D3485454_R.png,177,400,908,1225
D3485623_L.png,262,392,927,1155
D3485791_L.png,314,393,1012,1196
D3487125_L.png,194,257,888,1004
D3487125_R.png,88,279,752,1018
D3487141_L.png,263,264,1027,1154
D3487792_L.png,208,242,814,953
D3487792_R.png,161,248,760,933
D3487916_L.png,215,267,841,979
D3487916_R.png,192,349,859,1072
D3489011_R.png,189,365,950,1228
D3489342_L.png,270,298,959,1027
D3489342_R.png,137,347,835,1089
D3489412_L.png,341,468,946,1164
D3489490_R.png,393,948,1390,1980
D3490121_L.png,140,377,833,1159
D3490121_R.png,122,210,820,1001
D3490807_L.png,178,397,883,1166
D3490807_R.png,156,395,860,1153
D3490905_L.png,116,376,743,1129
D3490905_R.png,254,413,898,1143
D3490911_R.png,285,263,948,1064
D3490967_L.png,351,296,1012,1036
D3490995_R.png,389,393,970,1156
D3491121_L.png,223,270,927,1124
D3491733_R.png,358,242,971,949
D3491780_L.png,167,327,849,1124
D3491780_R.png,159,322,832,1122
D3491942_L.png,341,312,1032,1092
D3491959_L.png,336,393,991,1138
D3492029_R.png,231,323,973,1152
D3492049_R.png,277,436,957,1170
D3492105_L.png,220,363,862,1070
D3492823_L.png,323,341,1034,1204
D3492832_L.png,88,275,744,1022
D3492832_R.png,222,321,830,1060
D3492867_L.png,189,378,939,1251
D3492898_L.png,357,304,1040,1069
D3492920_L.png,239,333,961,1132
D3492920_R.png,260,428,959,1197
D3492986_L.png,183,398,844,1189
D3492986_R.png,237,417,891,1194
D3493006_L.png,340,357,1036,1097
D3493116_L.png,91,363,783,1144
D3493206_L.png,225,337,832,1013
D3493206_R.png,122,311,729,951
D3493217_L.png,245,399,991,1233
D3493256_R.png,251,318,923,1093
D3493442_L.png,179,275,794,1014
D3493442_R.png,155,229,794,946
D3493961_L.png,260,321,928,1153
D3493992_L.png,131,382,747,1077
D3493992_R.png,176,393,791,1052
D3494048_R.png,263,442,972,1265
D3495581_L.png,174,338,864,1195
D3495683_R.png,246,299,867,1051
D3495738_L.png,105,492,777,1310
D3495748_R.png,209,352,983,1183
D3495960_R.png,194,354,899,1088
D3496754_R.png,200,394,903,1206
D3497307_L.png,279,376,975,1225
D3497946_R.png,137,412,794,1157
D3498786_L.png,192,300,886,1060
D3498786_R.png,139,276,833,1025
D3500388_L.png,215,498,954,1323
D3500388_R.png,94,521,809,1334
D3502119_R.png,300,421,945,1193
D3502833_R.png,245,330,847,1020
D3504416_L.png,178,333,867,1141
D3504416_R.png,115,361,792,1140
D3505154_L.png,162,279,902,1076
D3507805_R.png,242,433,913,1259
D3507894_R.png,198,305,953,1210
D3508904_R.png,213,368,902,1083
D3509725_L.png,315,432,1004,1194
D3509838_L.png,244,353,862,1094
D3509838_R.png,127,300,771,1080
D3510045_R.png,259,344,953,1098
D3510089_L.png,221,344,851,1194
D3510089_R.png,165,369,798,1136
D3510459_R.png,210,459,947,1252
D3511152_R.png,248,261,1034,1168
D3511318_L.png,127,310,740,1035
D3511318_R.png,287,300,903,1014
D3512782_L.png,188,403,934,1268
D3513276_L.png,264,394,992,1201
D3513278_R.png,278,406,922,1143
D3514399_L.png,308,194,1145,1030
D3517971_R.png,205,238,880,1014
D3517984_R.png,288,256,956,1006
D3518653_R.png,193,331,822,1005
D3519185_R.png,251,380,969,1175
D3519403_R.png,140,246,934,1090
D3519804_L.png,249,421,889,1089
D3520352_L.png,311,295,1038,1113
D3520352_R.png,191,216,817,912
D3520436_R.png,381,372,1011,1119
D3521837_L.png,189,398,949,1290
D3522072_L.png,160,349,783,1170
D3522072_R.png,279,383,908,1193
D3522195_L.png,287,410,946,1160
D3522239_L.png,233,256,967,1066
D3522770_R.png,183,376,912,1163
D3522850_L.png,239,486,1018,1402
D3523294_L.png,285,387,982,1239
D3524753_R.png,264,463,916,1233
D3525525_L.png,276,351,876,1100
D3525753_R.png,170,256,794,896
D3525887_L.png,275,394,947,1188
D3525887_R.png,201,361,892,1096
D3526206_L.png,179,378,880,1249
D3526206_R.png,209,354,921,1266
D3526532_L.png,230,346,935,1132
D3526532_R.png,45,378,710,1161
D3526988_R.png,177,436,955,1265
D3527209_R.png,171,479,818,1252
D3527885_L.png,202,502,1063,1522
D3527885_R.png,251,458,1100,1517
D3528347_R.png,142,310,985,1229
D3530334_L.png,183,435,803,1258
D3530334_R.png,345,443,1003,1243
D3531156_R.png,199,370,862,1148
D3531618_R.png,270,534,1290,1659
D3532482b_L.png,181,667,846,1451
D3532482_L.png,81,680,744,1480
D3532482_R.png,307,558,1009,1430
D3532936_R.png,178,372,1020,1274
D3534317_R.png,275,403,918,1100
D3534374_L.png,119,317,827,1120
D3534374_R.png,222,329,921,1147
D3535075_L.png,161,329,780,1022
D3535075_R.png,123,302,754,1022
D3535087_R.png,124,274,708,976
D3535164_R.png,199,292,950,1199
D3535665_L.png,139,504,833,1344
D3535665_R.png,282,393,956,1149
D3535750_L.png,150,522,903,1403
D3535750_R.png,80,511,837,1501
D3536423_R.png,56,437,713,1123
D3536825_R.png,274,572,1183,1830
D3536898_L.png,308,500,998,1302
D3537020_L.png,248,276,911,1084
D3537020_R.png,139,251,841,1056
D3537460_R.png,190,386,876,1227
D3537486_R.png,129,383,765,1077
D353768_L.png,187,468,829,1207
D3537745_L.png,193,285,842,999
D3537793_R.png,268,394,966,1196
D3537867_L.png,327,484,1087,1378
D3538239_L.png,137,468,1017,1436
D3538954_R.png,117,334,811,1134
D3539541_R.png,276,464,916,1150
D3539748_L.png,210,284,821,1010
D3540248_R.png,237,303,886,1111
D3540658_R.png,179,321,817,1188
D3540846_R.png,254,252,991,1141
D3541107_R.png,107,389,883,1226
D3542236_R.png,224,240,922,1021
D3542280_L.png,114,532,764,1312
D3542280_R.png,96,536,744,1282
D3542398_R.png,189,273,848,988
D3542466_L.png,240,323,981,1151
D3542581_L.png,347,463,1006,1224
D3542605_L.png,254,370,947,1177
D3542605_R.png,65,361,756,1190
D3542878_L.png,53,816,1053,1991
D3542878_R.png,111,755,1185,1949
D3542967_L.png,250,332,889,1049
D3543050_R.png,218,316,905,1029
D3543674_L.png,346,615,1265,1672
D3546078_R.png,265,365,864,1051
D3546325_L.png,216,435,930,1204
D3547431_R.png,257,535,917,1275
D3547469_R.png,304,165,997,968
D3548260_R.png,270,271,918,943
D3549018_R.png,234,373,973,1162
D3550227_L.png,251,394,964,1217
D3550244_L.png,201,524,784,1226
D3550244_R.png,179,569,769,1221
D3550336_L.png,97,597,692,1233
D3550336_R.png,274,535,883,1202
D3550339_L.png,379,447,1023,1181
D3550449_L.png,43,372,663,1062
D3550449_R.png,237,590,884,1288
D3550929_R.png,263,341,965,1051
D3551140_L.png,195,361,855,1133
D3551205_L.png,179,324,899,1107
D3551413_L.png,219,477,798,1114
D3551433_R.png,189,323,879,1134
D3551704_L.png,228,185,818,839
D3551704_R.png,239,177,823,841
D3552134_R.png,229,326,884,1047
D3554777_R.png,249,358,1005,1179
D3554865_L.png,224,437,968,1255
D3554998_L.png,352,470,1116,1356
D3555049_L.png,314,286,962,1010
D3555190_L.png,228,345,888,1118
D3555610_R.png,244,334,986,1148
D3555671_L.png,268,415,952,1224
D3555675b_R.png,159,235,923,1027
D3555675_R.png,250,548,1073,1350
D3555717_L.png,377,358,1046,1113
D3555915_R.png,142,346,828,1112
D3555923_L.png,236,214,878,959
D3555923_R.png,103,258,759,982
D3556076_L.png,295,509,989,1349
D3556076_R.png,153,510,906,1345
D3556165_L.png,167,469,839,1218
D3556194_L.png,257,402,889,1132
D3556640_L.png,242,312,872,1033
D3556640_R.png,167,249,809,1036
D3556692_L.png,292,351,905,1050
D3556692_R.png,115,350,726,1061
D3556720_L.png,259,269,874,979
D3556720_R.png,122,293,757,992
D3556756_R.png,293,360,963,1097
D3556764_L.png,299,346,960,1120
D3556988_L.png,189,396,912,1139
D3557156_L.png,299,367,999,1117
D3557175_R.png,161,452,928,1263
D3557375_L.png,287,414,993,1208
D3557436_L.png,340,371,981,1137
D3557496_L.png,355,391,994,1140
D3557596_R.png,302,241,973,1020
D3557613_L.png,211,372,828,1120
D3557613_R.png,272,379,903,1121
D3557973_L.png,234,163,891,964
D3557973_R.png,104,246,798,1061
D3558157_R.png,247,229,920,986
D3558274_L.png,74,304,854,1213
D3558475_R.png,272,454,884,1166
D3558535_L.png,271,363,927,1124
D3558889_L.png,370,344,1082,1049
D3559525_L.png,206,400,851,1130
D3560796_R.png,182,343,789,1015
D3560840_L.png,103,331,735,1113
D3560840_R.png,195,370,837,1110
D3561130b_R.png,138,369,760,1074
D3561130_R.png,342,293,964,947
D3561242_R.png,219,311,831,1064
D3561299_R.png,194,352,833,1027
D3561420_L.png,270,349,906,1043
D3561761_L.png,187,301,806,1041
D3561761_R.png,215,310,843,1026
D3561899_L.png,241,725,1094,1778
D3561951_L.png,400,917,1311,2037
D3562319_R.png,242,299,876,1003
D3562800_R.png,199,418,863,1228
D3563111_L.png,224,287,859,1076
D3563111_R.png,183,325,811,1117
D3563505_L.png,172,396,811,1249
D3563505_R.png,150,444,847,1239
D3564006_R.png,209,445,835,1119
D3564382_R.png,125,407,792,1148
D3564434_L.png,172,267,914,1099
D3564498_R.png,305,356,1029,1198
D3564518_L.png,317,491,913,1181
D3564584b_R.png,330,367,1025,1165
D3564584_R.png,170,365,895,1192
D3565229_R.png,250,338,908,1098
D3565808_L.png,300,436,941,1197
D3565954_L.png,250,368,867,1084
D3566007_L.png,295,438,1008,1292
D3566125_R.png,248,387,975,1228
D3566694_R.png,293,353,993,1168
D3566708_R.png,287,362,968,1096
D3566726_L.png,418,668,1334,1623
D3567104_L.png,99,336,821,1167
D3567104_R.png,225,315,955,1104
D3567149_R.png,307,409,972,1164
D3567333_R.png,190,484,873,1277
D3567442_L.png,189,308,835,1059
D3567442_R.png,172,411,814,1179
D3567475_L.png,118,445,730,1213
D3567475_R.png,155,449,800,1181
D3567755_L.png,358,447,989,1144
D3567811_L.png,106,432,769,1163
D3567811_R.png,179,387,822,1098
D3567824_R.png,214,365,886,1098
D3567829_L.png,346,351,980,1082
D3567836_L.png,306,345,862,1084
D3568207_L.png,179,323,767,1095
D3568207_R.png,293,367,915,1136
D3568252_L.png,237,245,862,918
D3568880_L.png,205,354,892,1117
D3568880_R.png,141,315,820,1075
D3569688_L.png,81,482,718,1210
D3569688_R.png,201,488,827,1244
D3569725_L.png,284,505,899,1219
D3570399_L.png,206,396,847,1201
D3570399_R.png,65,416,735,1199
D3571185_L.png,152,451,774,1232
D3571185_R.png,75,425,718,1124
D3571487_L.png,233,469,858,1180
D3573543_L.png,205,392,858,1104
D3573543_R.png,273,442,918,1179
D3573655_L.png,282,377,999,1179
D3573906_L.png,260,424,795,1059
D3573906_R.png,219,368,788,1022
D3574480_L.png,115,404,757,1136
D3574480_R.png,252,427,906,1187
D3575591_L.png,392,504,1061,1307
D3575772_R.png,164,596,813,1412
D3578439_L.png,329,827,1172,1821
D3578747_L.png,139,450,907,1219
D3579323_R.png,317,283,1034,1103
D3579499_L.png,338,244,1016,1013
D3579645_R.png,134,292,895,1097
D3579678_L.png,325,280,945,1057
D3579678_R.png,127,293,776,1059
D3580752_R.png,164,319,852,1031
D3581184_R.png,279,235,965,986
D3581367_L.png,189,153,852,867
D3581367_R.png,73,183,705,903
D3582089_L.png,245,299,911,1055
D3582089_R.png,63,313,769,1055
D3582360_L.png,177,269,793,990
D3582664_L.png,351,490,986,1273
D3582664_R.png,267,439,975,1187
D3582786_L.png,201,227,814,948
D3582786_R.png,84,282,693,982
D3583911_L.png,287,301,1019,1102
D3584023_L.png,380,459,1014,1226
D3584023_R.png,297,459,931,1257
D3584099_L.png,93,453,756,1262
D3584099_R.png,215,435,901,1259
D3584774_L.png,231,256,839,996
D3585091_R.png,245,208,856,970
D3585765_L.png,304,266,949,1008
D3586105_R.png,262,278,906,1051
D3586367_R.png,270,248,1004,1107
D3586733_L.png,180,208,749,906
D3586733_R.png,228,233,792,893
D358691_L.png,381,282,1105,1099
D3587028_L.png,315,240,953,967
D3587028_R.png,26,252,660,984
D3587061_L.png,334,280,988,1042
D3587061_R.png,132,250,808,1036
D3587611_L.png,172,358,806,1177
D3587744_R.png,140,226,776,918
D3588203_R.png,193,405,927,1242
D3588380_R.png,221,485,887,1221
D3588484_L.png,300,340,954,1164
D3588627_L.png,185,283,890,1115
D3588627_R.png,161,253,872,1056
D3588847_L.png,234,439,925,1246
D3588890_R.png,184,438,862,1223
D3589199_L.png,274,529,987,1364
D3589199_R.png,241,522,986,1343
D3589224_R.png,196,338,840,1015
D3589510_L.png,220,517,820,1211
D3589510_R.png,183,501,820,1177
D3589921_L.png,242,472,901,1239
D3590099_L.png,356,519,1070,1333
D3590283_L.png,307,530,1020,1321
D3590420_L.png,160,437,862,1301
D3590701_L.png,227,389,863,1100
D3591219_L.png,83,472,686,1189
D3591219_R.png,174,497,788,1209
D3591637_L.png,143,462,841,1306
D3591637_R.png,173,479,875,1322
D3591910_L.png,275,289,935,992
D3593562_L.png,202,425,902,1136
D3593701_L.png,133,464,788,1204
D3593701_R.png,206,482,835,1215
D3593782_L.png,105,420,725,1083
D3593782_R.png,228,427,837,1147
D3593847_L.png,149,448,806,1206
D3593847_R.png,155,485,818,1246
D3593848_L.png,308,537,944,1271
D359384_L.png,141,421,873,1307
D359384_R.png,108,512,822,1325
D3594607_L.png,282,484,1009,1240
D3594607_R.png,202,421,938,1196
D3594678_L.png,67,503,711,1271
D3594678_R.png,247,457,889,1199
D3594717_L.png,122,480,792,1224
D3594717_R.png,102,389,776,1107
D3594738_L.png,174,501,849,1281
D3594738_R.png,159,420,863,1231
D3594752_R.png,167,547,918,1366
D3594795_L.png,94,493,772,1283
D3594795_R.png,166,481,874,1254
D3594938_L.png,203,450,855,1254
D3594938_R.png,217,476,852,1252
D3595407_R.png,206,370,1006,1192
D3595494_R.png,274,298,1045,1116
D3595857_L.png,269,413,908,1162
D3595913_L.png,271,460,900,1137
D3595971_L.png,106,416,818,1231
D3595971_R.png,225,423,949,1221
D3596034_L.png,198,438,900,1234
D3596034_R.png,117,433,822,1246
D3596078_L.png,159,301,801,1068
D3596078_R.png,140,254,786,945
D3597462_L.png,271,311,956,1050
D3598600_R.png,232,565,1011,1435
D3600252_R.png,294,535,947,1215
D3600589_R.png,359,377,1007,1141
D3600714_L.png,375,358,992,1028
D3600807_L.png,377,517,1011,1269
D3600861_L.png,256,375,896,1150
D3600914_R.png,250,430,911,1165
D3601245_L.png,76,533,774,1315
D3601245_R.png,186,519,924,1393
D3601369_L.png,286,296,897,966
D3602060_L.png,18,472,724,1231
D3602060_R.png,279,362,930,1097
D3603032_R.png,297,325,965,1038
D3603048_L.png,310,266,983,963
D3603272_R.png,199,275,885,1037
D3603276_R.png,215,323,930,1081
D3603538_L.png,198,408,791,1098
D3603538_R.png,208,401,837,1154
D3603559_R.png,271,439,959,1166
D3604099_R.png,376,408,1015,1004
D3604176_L.png,116,344,738,1099
D3604176_R.png,289,361,917,1064
D3604208_L.png,326,298,1024,1032
D3604208_R.png,163,319,861,1027
D3604292_L.png,362,409,1092,1244
D3604292_R.png,134,393,869,1238
D3604515_R.png,266,449,903,1197
D3605136_R.png,62,458,728,1172
D3605359_R.png,327,360,1077,1178
D3605363_R.png,166,286,863,1051
D3605689_R.png,197,422,893,1187
D3605707_R.png,232,389,877,1104
D3605767_R.png,197,284,835,969
D3606273_L.png,230,890,1146,2003
D3606273_R.png,381,858,1323,1967
D3606291_R.png,95,387,736,1106
D3606464_L.png,193,392,796,1142
D3606464_R.png,291,352,910,1068
D3606471_L.png,285,527,898,1229
D3606474_R.png,162,345,891,1096
D3606524_L.png,305,431,932,1165
D3606643_R.png,357,574,975,1284
D3606957_R.png,373,393,1034,1065
D3607172_R.png,319,402,968,1084
D3607240_L.png,297,495,940,1161
D3607240_R.png,97,554,729,1206
D3607351_L.png,264,389,913,1111
D3607351_R.png,61,415,706,1082
D3607384_L.png,320,458,1035,1217
D3609036_R.png,236,548,856,1194
D3609619_L.png,223,479,823,1200
D3609683_R.png,304,309,945,1041
D3609700_L.png,323,432,911,1116
D3611261_R.png,271,654,962,1432
D3612262_L.png,237,324,794,962
D3612582_L.png,278,377,939,1191
D3612582_R.png,86,370,776,1155
D3612614_L.png,223,291,828,950
D3612614_R.png,34,285,689,966
D3612792_L.png,281,303,922,1064
D3612942_L.png,390,342,1012,1030
D3613123_R.png,234,228,951,1075
D3613449_L.png,227,546,898,1307
D3613449_R.png,207,493,868,1270
D3613543_L.png,269,512,941,1203
D3613598_L.png,342,484,879,1156
D3613690_L.png,314,452,882,1104
D3613786_L.png,178,398,776,1086
D3613786_R.png,276,425,889,1066
D3613840_L.png,332,437,986,1211
D3613988_L.png,342,438,945,1141
D3614216_L.png,237,615,893,1495
D3614216_R.png,280,602,956,1350
D3615464_R.png,157,368,799,1060
D3615637_L.png,431,353,1016,1005
D3615637_R.png,223,273,845,965
D3615693_R.png,122,445,846,1269
D3615850_L.png,71,556,749,1316
D3615850_R.png,171,514,885,1262
D3615894_L.png,121,420,710,1039
D3615894_R.png,178,385,789,1023
D3615910_R.png,260,392,973,1144
D3616271_L.png,220,364,827,1126
D3616271_R.png,220,371,845,1055
D3616426_L.png,390,424,1078,1271
D3616451_L.png,121,390,724,1095
D3616451_R.png,244,392,876,1083
D3616479_L.png,247,630,882,1309
D3616479_R.png,184,613,829,1309
D3616540_L.png,157,582,833,1399
D3616540_R.png,159,645,820,1432
D3616664_L.png,259,391,965,1202
D3616726_R.png,283,304,996,1169
D3616850_L.png,320,390,974,1156
D3616894_L.png,317,393,922,1139
D3616894_R.png,117,363,732,1082
D3616949_R.png,381,374,1015,1093
D3617005_R.png,335,228,1030,1008
D3617089_R.png,256,412,776,1051
D3617202_L.png,205,387,905,1129
D3617337_R.png,306,392,927,1087
D3617403_R.png,269,394,884,1072
D3617456_L.png,353,613,998,1273
D3617589_L.png,366,397,979,1057
D3617644_R.png,306,345,991,1086
D3617733_L.png,214,495,899,1229
D3617733_R.png,189,480,885,1217
D3617879_L.png,272,497,972,1206
D3617879_R.png,215,452,934,1172
D3618266_L.png,193,333,825,1053
D3618266_R.png,107,360,751,1087
D3618450_R.png,214,414,967,1211
D3618613_L.png,161,646,796,1365
D3618613_R.png,194,582,790,1294
D3618640_R.png,212,257,847,969
D3618948_L.png,75,454,725,1218
D3618948_R.png,306,352,974,1037
D3619068_R.png,323,388,895,1039
D3619256_L.png,193,442,921,1248
D3619256_R.png,25,457,799,1222
D3619519_L.png,266,398,844,1113
D3619589_R.png,223,335,818,1031
D3619590_L.png,277,709,1232,1880
D3619650_L.png,299,327,1087,1198
D3619792_L.png,230,510,848,1153
D3619792_R.png,138,508,782,1158
D3619979_R.png,214,235,1000,1047
D3620457_L.png,361,521,1120,1329
D3620658_R.png,334,484,984,1294
D3621083_L.png,251,362,839,965
D3621502_L.png,69,369,693,992
D3621502_R.png,203,340,785,1007
D3621750_L.png,256,597,1201,1719
D3621799_L.png,175,331,834,1106
D3622169_L.png,215,340,827,987
D3622951_L.png,151,374,791,1114
D3622951_R.png,138,336,794,1084
D3623315_L.png,311,377,899,1096
D3623315_R.png,211,521,822,1243
D3623370_L.png,226,374,922,1157
D3623505_L.png,337,389,1005,1107
D3623542_L.png,344,493,1063,1327
D3623546_R.png,228,530,948,1384
D3623564_L.png,169,252,762,994
D3623564_R.png,133,280,753,989
D3623594_L.png,393,435,1074,1196
D3623665_R.png,133,349,807,1164
D3623680_R.png,111,116,762,824
D3623681_R.png,107,398,728,1122
D3623770_R.png,99,384,837,1201
D3623809_L.png,185,449,902,1261
D3623823_L.png,193,344,921,1129
D3624037_L.png,318,392,907,1062
D3624101_R.png,176,212,730,828
D3624121_L.png,95,360,862,1269
D3624267_R.png,170,268,757,936
D3624420_L.png,221,429,810,1140
D3624420_R.png,165,342,782,1073
D3624566_L.png,153,459,780,1125
D3624718_L.png,230,421,973,1258
D3624718_R.png,107,444,804,1251
D3624816_L.png,88,499,768,1207
D3624858_L.png,179,453,886,1232
D3624906_L.png,375,405,1143,1195
D3625113_L.png,156,418,882,1287
D3625113_R.png,92,403,849,1234
D3625180_R.png,227,489,943,1249
D3625240_R.png,190,408,851,1144
D3626103_L.png,256,411,842,1076
D3627176_L.png,494,505,1142,1153
D3627292_L.png,353,522,1009,1272
D3627524_L.png,215,496,966,1331
D3628069_L.png,321,236,942,887
D3628138_R.png,198,437,860,1183
D3628236_R.png,281,388,869,1081
D3628364_R.png,297,449,995,1192
D3628381_R.png,277,444,932,1162
D3629942_R.png,289,464,974,1186
D3629986_R.png,197,289,913,972
D3630017_L.png,143,422,773,1148
D3630017_R.png,214,433,843,1107
D3630219_L.png,327,412,973,1098
D3630248_L.png,232,425,898,1173
D3630248_R.png,149,398,839,1137
D3630249_L.png,349,326,982,1050
D3630377_R.png,278,419,1009,1166
D3630401_L.png,287,361,918,1067
D3630720_L.png,197,405,829,1162
D3630720_R.png,227,377,872,1106
D3631314_R.png,303,420,1030,1210
D3631429_L.png,291,480,1037,1291
D3631528_R.png,140,594,907,1453
D3632056_L.png,284,452,954,1152
D3632056_R.png,113,457,786,1193
D3632201_L.png,188,488,867,1327
D3632201_R.png,81,442,779,1220
D3632323_L.png,204,663,812,1394
D3632323_R.png,229,710,885,1454
D3632423_R.png,175,381,919,1109
D3632625_L.png,266,345,924,1117
D3632625_R.png,167,388,867,1236
D3632635_L.png,223,353,823,1024
D3632692_L.png,278,385,961,1095
D3633053_L.png,220,525,856,1161
D3633053_R.png,124,472,779,1161
D3633186_R.png,233,478,916,1256
D3633207_L.png,207,288,930,1079
D3633341_L.png,222,246,863,1033
D3633341_R.png,213,281,878,986
D3635198_L.png,129,625,703,1301
D3635615_R.png,233,310,1001,1127
D3635686_L.png,152,301,799,1059
D3636095_R.png,246,423,883,1133
D3636475_L.png,181,315,769,1028
D3636475_R.png,202,314,783,1024
D3636576_R.png,188,338,918,1160
D3636911_R.png,242,453,957,1280
D3638867_R.png,310,450,905,1141
D3639036_L.png,243,671,1168,1759
D3639063_L.png,371,354,992,1040
D3639428_R.png,188,461,827,1143
D3640078_L.png,227,415,911,1144
D3640078_R.png,83,432,771,1127
D3640158_R.png,241,445,961,1195
D3640656_R.png,248,415,951,1223
D3640871_L.png,294,371,878,1026
D3641133_L.png,113,305,772,983
D3641329_L.png,178,523,867,1256
D3641329_R.png,93,538,769,1292
D3641355_R.png,197,427,933,1219
D3641360_L.png,221,397,862,1061
D3641360_R.png,111,405,756,1093
D3641512_L.png,384,459,1091,1207
D3641569_L.png,153,448,823,1151
D3641569_R.png,126,470,811,1180
D3641611_L.png,257,480,906,1205
D3641611_R.png,291,414,966,1148
D3641679_L.png,229,402,922,1141
D3641679_R.png,205,373,895,1107
D364191_L.png,216,496,867,1220
D364191_R.png,78,433,732,1194
D3641982_L.png,387,475,1033,1212
D3642215_R.png,144,481,849,1176
D3642257_R.png,266,362,903,1059
D3642472_R.png,225,407,854,1106
D3642482_R.png,189,323,844,1054
D3642793_R.png,287,453,953,1184
D3642840_L.png,344,333,961,1077
D3643158_L.png,254,317,858,1029
D3643214_L.png,296,313,889,1010
D3643492_L.png,331,261,1046,1032
D3643546_R.png,194,269,815,895
D3643620_L.png,250,367,858,1001
D3643620_R.png,246,332,844,961
D3643700_R.png,239,275,907,1016
D3644237_L.png,250,360,930,1040
D3644258_R.png,278,377,925,1102
D3644340_R.png,169,300,838,970
D3644341_L.png,148,274,839,1050
D3644341_R.png,79,281,778,1041
D3644348_R.png,274,305,930,1055
D3644530_R.png,258,309,974,1081
D3645313_L.png,433,384,1240,1290
D3645375_R.png,231,216,922,970
D3645474b_R.png,253,230,850,938
D3645474_R.png,305,466,945,1194
D3645703_L.png,175,377,775,1099
D3645765_L.png,336,425,1014,1199
D3646685_L.png,391,357,1029,1108
D3646725_R.png,311,349,997,1153
D3646771_R.png,221,360,992,1148
D3647093_L.png,341,384,1028,1194
D3647132_L.png,103,391,747,1216
D3647132_R.png,257,381,872,1076
D3647477_R.png,237,435,955,1190
D3647760_R.png,234,316,947,1085
D3647791_R.png,226,401,937,1156
D3648234_L.png,247,491,888,1218
D3648551_L.png,188,521,806,1235
D3648551_R.png,322,493,978,1215
D3648668_L.png,238,345,954,1096
D3648862_R.png,193,410,868,1140
D3649009_R.png,302,412,924,1105
D3649910_L.png,194,431,924,1287
D3650014b_R.png,270,503,924,1243
D3650014c_R.png,273,624,935,1405
D3650014_R.png,255,245,893,911
D3650218_L.png,195,352,874,1050
D3650218_R.png,122,304,829,1012
D3650249_L.png,126,381,732,1065
D3650249_R.png,226,360,827,1001
D3651049_R.png,208,342,900,1115
D3651304_L.png,208,616,780,1316
D3651304_R.png,190,563,817,1243
D3651314_L.png,292,597,1001,1386
D3651314_R.png,1,619,746,1360
D3652054b_R.png,289,484,967,1184
D3652054c_R.png,358,356,1039,1068
D3652054_R.png,296,476,1002,1166
D3652132_L.png,234,391,862,1072
D3653790_R.png,137,370,822,1073
D3653969_L.png,220,398,887,1099
D3653969_R.png,158,403,768,1076
D3654079_L.png,250,552,919,1301
D3654079_R.png,157,516,857,1264
D3654215_L.png,106,434,806,1192
D3654215_R.png,155,414,836,1195
D3654349_L.png,114,588,747,1310
D3654349_R.png,112,606,734,1308
D3654378_L.png,424,529,1122,1254
D3654994_L.png,188,427,857,1193
D3655095_R.png,259,390,886,1038
D3655330_L.png,218,354,954,1137
D3655330_R.png,154,274,929,1061
D3656008_L.png,299,401,912,1067
D3656885_L.png,333,379,1042,1086
D3656908_L.png,258,332,1004,1038
D3656908_R.png,142,408,859,1101
D3656958_L.png,279,393,885,1081
D3657023_L.png,213,446,847,1131
D3657049_L.png,302,355,992,1050
D3657049_R.png,242,517,932,1209
D3657051_L.png,387,318,1070,1065
D3657257_L.png,403,386,1051,1137
D3657258_L.png,297,281,1078,1074
D3657503_R.png,333,497,986,1198
D3657526_R.png,251,341,934,1044
D3657635_L.png,185,400,855,1115
D3657651_L.png,224,425,889,1083
D3657689_L.png,161,452,854,1255
D3657689_R.png,269,393,1000,1212
D3657727_L.png,155,278,846,1003
D3657727_R.png,160,364,859,1086
D3657809_L.png,233,349,878,995
D3658212_L.png,378,422,1080,1132
D3658297_L.png,150,379,894,1178
D3658369_L.png,184,467,827,1119
D3658369_R.png,161,485,818,1156
D3658440_L.png,234,573,884,1275
D3658440_R.png,151,530,805,1253
D3658448_R.png,200,337,865,1053
D3658605_L.png,127,281,795,956
D365919_L.png,189,462,812,1112
D365919_R.png,199,428,837,1085
D3659246_R.png,190,335,881,1105
D3659410_L.png,197,483,794,1114
D3659428_R.png,117,367,720,1008
D3659639_R.png,230,406,848,1061
D3659719_L.png,187,430,819,1122
D3659719_R.png,197,437,837,1090
D3659878_L.png,217,426,847,1106
D3659922_R.png,195,487,805,1126
D3660194_L.png,182,522,800,1198
D3660194_R.png,212,543,806,1204
D3660386_L.png,85,453,765,1228
D3660470_R.png,169,453,820,1206
D3660492_L.png,181,295,849,1038
D3661294_R.png,145,385,920,1180
D3661365_L.png,234,284,962,1026
D3661365_R.png,72,266,774,1018
D3661379_R.png,181,374,811,1052
D3661620_L.png,221,263,949,1001
D3661620_R.png,114,280,833,1009
D3661636_L.png,305,271,1050,1056
D3661789_R.png,187,311,854,1041
D3661862_R.png,262,316,893,977
D3661932_R.png,225,341,863,1013
D3661968_R.png,195,302,856,1021
D3661989_L.png,231,348,844,1015
D3662186_R.png,219,711,1103,1716
D3662271_L.png,185,235,811,918
D3662278_L.png,184,236,860,959
D3662278_R.png,166,289,841,974
D3662382_L.png,343,269,1038,965
D3662401_L.png,345,413,1012,1085
D3662401_R.png,72,422,742,1093
D3662464_L.png,220,252,852,916
D3663249_L.png,211,459,940,1200
D3663354_L.png,283,443,939,1120
D3663814_L.png,263,609,933,1311
D3663814_R.png,1,745,667,1467
D3663820_L.png,284,375,1057,1143
D3664455_L.png,339,532,953,1171
D3667677_L.png,325,940,1249,1972
D3676744_R.png,194,336,844,1031
D3757908_L.png,233,675,1069,1635
D3757910_L.png,296,816,1275,1814
D3759538_L.png,326,876,1337,1910
D3762651_R.png,308,906,1259,2018
D3763625_R.png,361,739,1156,1680
D3765775_L.png,379,589,1029,1237
D3765815_R.png,356,352,976,1012
D3765891_R.png,373,823,1223,1805
D3765921_L.png,201,223,826,904
D3766047_L.png,294,510,1026,1258
D3766047_R.png,241,481,1001,1240
D3766069_R.png,310,482,981,1213
D3766091_R.png,238,349,913,1110
D3766124_L.png,304,517,1018,1238
D3766217_L.png,163,557,800,1294
D3766217_R.png,177,553,826,1259
D3766487_L.png,207,379,852,1096
D3766487_R.png,269,398,892,1086
D3766518_R.png,264,395,963,1101
D3766520_L.png,196,463,836,1175
D3766580_L.png,142,372,737,1052
D3766580_R.png,194,402,820,1086
D3766614_L.png,176,456,812,1136
D3766614_R.png,117,416,765,1094
D3766619_L.png,308,377,957,1066
D3766626_L.png,374,465,1063,1199
D3766669_L.png,296,521,950,1274
D3766704_L.png,152,395,775,1111
D3766704_R.png,186,416,814,1066
D3766810_R.png,327,949,918,1558
W0252253_L.png,263,379,1080,1294
W0274408_L.png,238,885,1205,1964
W0274408_R.png,92,999,1073,2104
W0280609_L.png,100,562,949,1553
W0280609_R.png,160,460,1016,1477
W0287828_L.png,52,356,982,1475
W0287828_R.png,215,377,1178,1438
W0294120_L.png,217,612,1099,1537
W0294120_R.png,173,556,1068,1507
W0386843_L.png,313,699,1349,1844
W0386843_R.png,1,738,1018,1902
W0387698_L.png,177,322,1121,1385
W0392777_L.png,205,333,1095,1387
W0404405_R.png,164,663,1174,1761
W0424892_L.png,228,594,1087,1527
W0424892_R.png,144,592,1044,1518
W0425757_L.png,151,744,1177,1938
W0425757_R.png,249,727,1297,1853
W0434391_L.png,151,655,1057,1750
W0434391_R.png,468,781,1411,1953
W0435030_L.png,263,664,1196,1847
W0442027_L.png,210,406,1097,1348
W0450362_L.png,376,489,1274,1471
W0450362_R.png,194,480,1067,1455
W0459886_L.png,223,1014,1213,2101
W0461072_L.png,121,875,1094,2033
W0461072_R.png,391,819,1312,1995
W0465744_L.png,315,796,1217,1911
W0465744_R.png,187,816,1090,1851
W0472765_R.png,326,809,1223,1796
W0473200_R.png,257,537,1284,1604
W0483171_L.png,229,362,1114,1281
W0483171_R.png,206,365,1077,1315
W0496345_L.png,222,878,1188,1881
W0496345_R.png,198,691,1190,1768
W0503927_L.png,529,631,1285,1515
W0503927_R.png,372,694,1180,1604
W0504522_L.png,244,628,1071,1584
W0504522_R.png,110,605,935,1525
W0517737_L.png,172,479,1031,1489
W0517737_R.png,377,600,1187,1525
W0517755_L.png,246,731,1149,1782
W0517755_R.png,325,741,1225,1804
W0517903_L.png,433,881,1385,1952
W0517903_R.png,512,779,1448,1864
W0518629_L.png,353,894,1396,2019
W0518629_R.png,230,1058,1239,2026
W0518691_R.png,225,944,1261,2032
W0518706_L.png,398,1119,1395,2184
W0518706_R.png,315,1032,1344,2123
W0518770_R.png,477,536,1313,1520
W0518879_R.png,523,1255,1394,2165
W0519643_R.png,139,824,1106,1796
W0519651_L.png,143,792,1052,1773
W0519651_R.png,359,742,1262,1701
W0520191_R.png,71,537,961,1456
W0520251_L.png,493,770,1458,1755
W0520251_R.png,310,684,1204,1692
W0520252_R.png,357,1010,1295,1981
W0520455_R.png,404,1015,1360,2050
W0520729_L.png,224,606,1024,1497
W0520729_R.png,254,559,1092,1401
W0520912_L.png,465,539,1325,1450
W0520912_R.png,575,541,1484,1460
W0521020_R.png,261,895,1255,2073
W0521056_L.png,231,784,1124,1759
W0521056_R.png,136,718,1049,1718
W0521605_L.png,251,633,1172,1584
W0521630_L.png,367,772,1280,1738
W0521664_L.png,424,570,1373,1516
W0521733_L.png,249,856,1322,1989
W0521733_R.png,92,781,1176,1910
W0521864_L.png,349,821,1315,1901
W0521864_R.png,301,864,1272,1984
W0522165_L.png,307,943,1430,2095
W0522165_R.png,75,930,1149,2069
W0522235_L.png,209,644,1164,1599
W0522309_R.png,257,926,1190,1970
W0522503_L.png,338,900,1273,1940
W0522503_R.png,408,761,1346,1789
W0522762_R.png,447,1034,1344,2176
W0522787_L.png,252,905,1107,1867
W0522787_R.png,174,964,1071,1900
W0522788_L.png,283,819,1208,1839
W0522788_R.png,175,792,1097,1825
W0522810_R.png,418,987,1602,2310
W0522811_R.png,351,984,1264,2052
W0523546_R.png,274,619,1093,1500
W0523684_L.png,356,761,1227,1681
W0523765_R.png,319,506,1145,1449
W0523814_L.png,292,746,1234,1804
W0523825_L.png,225,787,1354,1946
W0523825_R.png,288,631,1340,1791
W0523851_L.png,364,829,1293,1875
W0523851_R.png,151,1000,1031,1923
W0524225b_R.png,286,748,1221,1718
W0524225_R.png,847,926,1863,1961
W0524839_R.png,456,739,1431,1780
W0525232b_R.png,223,661,1101,1683
W0525232_R.png,66,507,887,1441
W0526859_L.png,127,754,1020,1724
W0526859_R.png,310,727,1213,1676
W0527528_R.png,395,1081,1360,2090
W0527537_R.png,305,687,1217,1774
W0528400_L.png,342,1114,1365,2175
W0528987_R.png,285,736,1271,1697
W0529017_R.png,247,617,1152,1591
W0529268_L.png,89,881,1069,1918
W0529268_R.png,314,827,1284,1871
W0529347_L.png,224,833,1180,1865
W0529347_R.png,418,827,1377,1818
W0530434_R.png,572,1025,1624,2030
W0530477_R.png,228,934,1238,1937
W0530889_L.png,353,704,1362,1858
W0530889_R.png,380,731,1399,1898
W0530932_L.png,646,889,1691,2070
W0531203_L.png,261,860,1186,1843
W0531203_R.png,88,816,980,1865
W0531764_L.png,249,899,1246,1967
W0531764_R.png,258,827,1269,1873
W0531837_L.png,228,966,1282,2157
W0531837_R.png,185,1002,1191,2081
W0531942_L.png,275,886,1275,2012
W0531942_R.png,304,886,1281,2060
W0532462_R.png,239,718,1192,1711
W0532634_R.png,408,651,1265,1592
W0532637_L.png,158,735,1145,1755
W0532650_L.png,254,512,1269,1592
W0532650_R.png,162,471,1119,1564
W0533308_L.png,180,1052,1033,1952
W0533308_R.png,60,964,980,1875
W0533607_L.png,623,768,1557,1625
W0534095_L.png,206,761,1134,1735
W0534095_R.png,367,730,1336,1691
W0534550_R.png,545,697,1434,1593
W0534576_L.png,174,760,1130,1710
W0534576_R.png,201,839,1206,1862
W0534663_L.png,96,669,947,1597
W0534663_R.png,282,604,1173,1530
W0535107_R.png,263,1018,1191,1955
W0535313_L.png,379,636,1362,1689
W0535313_R.png,224,666,1192,1796
W0535335_L.png,323,719,1099,1666
W0535335_R.png,323,823,1123,1697
W0535470_R.png,260,843,1363,1975
W0535509_L.png,158,604,1194,1766
W0535509_R.png,312,584,1276,1769
W0535521_L.png,318,839,1433,2101
W0535524_L.png,355,778,1243,1808
W0535524_R.png,317,796,1232,1811
W0535737_L.png,365,634,1299,1600
W0535737_R.png,163,666,1143,1691
W0535792_R.png,296,578,1159,1530
W0535832_L.png,117,498,1003,1492
W0535832_R.png,247,498,1125,1458
W0535894_L.png,190,895,1163,2035
W0535894_R.png,241,814,1253,2017
W0536084_L.png,288,726,1219,1777
W0536084_R.png,452,731,1390,1829
W0536314b_L.png,159,1015,1014,1976
W0536314_L.png,496,834,1409,1723
W0536314_R.png,460,631,1408,1725
W0536513_L.png,123,852,1009,1897
W0536513_R.png,283,795,1249,1775
W0536676_L.png,211,680,1153,1613
W0536676_R.png,376,695,1289,1655
W0536785_R.png,352,647,1368,1677
W0537306_L.png,271,944,1277,2028
W0537306_R.png,445,1062,1381,2107
W0537327_L.png,335,812,1348,1986
W0538904_R.png,434,1003,1592,2216
W0538917_L.png,600,666,1523,1645
W0539005_L.png,209,612,1173,1576
W0539239_L.png,417,739,1290,1786
W0539258_L.png,159,769,1045,1665
W0539258_R.png,395,755,1256,1710
W0539290_L.png,274,641,1208,1604
W0539290_R.png,410,700,1244,1697
W0539605_R.png,485,678,1328,1734
W0540712_L.png,281,749,1283,1928
W0540712_R.png,131,760,1199,1873
W0540755_L.png,245,607,1102,1539
W0540755_R.png,347,696,1178,1620
W0540804_L.png,274,936,1244,2044
W0540804_R.png,163,811,1155,1961
W0540862_R.png,354,523,1413,1610
W0540872_L.png,137,679,1080,1637
W0540872_R.png,283,784,1216,1760
W0540895_L.png,466,863,1416,1815
W0540964_R.png,319,656,1219,1652
W0541014_R.png,388,808,1326,1797
W0541053_L.png,275,857,1244,1901
W0541053_R.png,149,673,1070,1683
W0541240_L.png,211,587,1129,1573
W0541240_R.png,227,616,1177,1648
W0541395_L.png,141,648,1088,1619
W0541395_R.png,248,630,1161,1652
W0541473_R.png,183,700,1276,1830
W0541627_L.png,280,909,1225,1957
W0541627_R.png,291,909,1234,1932
W0541745_L.png,169,786,1215,1961
W0541745_R.png,121,726,1192,1909
W0541872_R.png,263,763,1252,1790
W0542029_L.png,432,1041,1399,2077
W0542042_L.png,261,1230,1146,2218
W0542042_R.png,286,1149,1211,2083
W0542058_L.png,93,1088,986,2126
W0542058_R.png,206,1026,1125,2046
W0542103_L.png,147,1094,1086,2110
W0542103_R.png,125,1103,1092,2148
W0542235_L.png,453,865,1560,2023
W0542536_L.png,200,789,1298,1823
W0542554_L.png,201,863,1098,1781
W0542554_R.png,273,827,1182,1768
W0542623_L.png,374,1658,1316,2584
W0542653_L.png,434,1584,1357,2542
W0542694_L.png,165,1407,1271,2498
W0542706_R.png,378,823,1306,1855
W0542853_L.png,363,866,1366,1955
W0542853_R.png,105,847,1110,1872
W0542941_L.png,119,836,1089,1889
W0542941_R.png,352,781,1359,1801
W0543041_L.png,541,721,1427,1721
W0543121_R.png,497,624,1471,1660
W0543141_R.png,277,612,1186,1490
W0543154_L.png,124,775,1033,1712
W0543154_R.png,363,782,1291,1726
W0543535_L.png,236,514,1182,1534
W0543580_L.png,313,418,1181,1350
W0543580_R.png,184,535,1018,1467
W0543581_L.png,154,542,1067,1547
W0543581_R.png,221,557,1123,1560
W0543694_R.png,320,722,1354,1781
W0543796_R.png,272,645,1202,1673
W0543806_L.png,172,897,1137,1905
W0544147_L.png,88,909,1107,2078
W0544147_R.png,176,1022,1201,2134
W0544582_L.png,358,731,1314,1790
W0544582_R.png,481,767,1452,1758
W0544585_R.png,223,364,1053,1229
W0544633_L.png,200,997,1148,2113
W0544633_R.png,193,919,1203,1994
W0544635_L.png,124,646,1012,1689
W0544635_R.png,377,676,1257,1676
W0544667_R.png,354,692,1379,1729
W0544671_L.png,228,988,1110,2100
W0544671_R.png,419,809,1392,1782
W0544697_L.png,291,648,1224,1730
W0544750_R.png,290,816,1335,1863
W0544911_L.png,385,953,1470,2060
W0544968_R.png,162,863,1207,2113
W0545088_L.png,239,994,1191,2077
W0545088_R.png,246,1068,1200,2119
W0545153_L.png,243,1223,1220,2210
W0545265_L.png,72,710,1158,1938
W0545265_R.png,84,767,1135,2030
W0545303_L.png,247,897,1204,2006
W0545742_R.png,292,825,1402,1859
W0546055_L.png,365,466,1221,1520
W0546076_L.png,216,239,1112,1230
W0546102_L.png,463,773,1463,1814
W0546108_R.png,312,524,1176,1500
W0546242_L.png,238,615,1129,1531
W0546275_R.png,213,550,1086,1478
W0546372_L.png,463,624,1351,1634
W0546595_L.png,219,397,1061,1306
W0546777_L.png,355,661,1319,1789
W0546777_R.png,275,650,1233,1822
W0547139_L.png,159,358,1118,1460
W0547139_R.png,268,473,1220,1523
W0547225_L.png,44,658,978,1602
W0547225_R.png,314,505,1193,1379
W0547258_L.png,297,511,1068,1377
W0547311_R.png,465,910,1471,2003
W0547463_L.png,287,775,1257,1770
W0547475_L.png,275,421,1464,1611
W0547475_R.png,146,697,1401,1874
W0547823_L.png,281,1054,1214,1989
W0547823_R.png,167,960,1120,1872
W0548081_L.png,164,680,937,1502
W0548081_R.png,307,706,1062,1538
W0548214_L.png,386,657,1330,1630
W0548565_L.png,282,1110,1269,2204
W0548565_R.png,141,1089,1175,2145
W0548624_R.png,238,550,1236,1563
W0548639_R.png,249,436,1142,1419
W0548675_L.png,222,568,1314,1723
W0548837_R.png,307,724,1259,1900
W0548849_R.png,333,794,1393,2060
W0548850_L.png,221,860,1173,1911
W0549025_L.png,82,712,920,1679
W0549025_R.png,402,592,1217,1559
W0549517_R.png,311,798,1254,1836
W0550598_L.png,358,835,1383,1949
W0550598_R.png,195,829,1206,1898
W0550599_L.png,438,638,1484,1797
W0550865_L.png,206,804,1198,1950
W0550865_R.png,406,869,1330,2023
W0550908_L.png,311,352,1215,1335
W0551434_L.png,462,541,1439,1507
W0551434_R.png,199,892,1175,1950
W0551710_L.png,282,488,1176,1460
W0551716_R.png,244,676,1216,1740
W0551823_L.png,209,632,1045,1561
W0552012_R.png,465,644,1487,1773
W0552195_L.png,280,594,1270,1755
W0552236_L.png,345,1135,1213,2083
W0552236_R.png,249,1103,1152,2103
W0552329_R.png,25,1061,1019,2058
W0552447_L.png,164,874,1293,2071
W0552447_R.png,119,514,1254,1714
W0552880_R.png,276,530,1242,1579
W0552908_L.png,158,202,1069,1141
W0552966_R.png,279,694,1121,1629
W0553009_R.png,300,478,1324,1635
W0553068_L.png,163,667,1179,1809
W0553068_R.png,291,819,1381,2009
W0553279_L.png,217,704,1115,1657
W0553391_L.png,211,799,1182,1853
W0553391_R.png,203,919,1243,1988
W0553555_R.png,100,228,927,1082
W0553590_R.png,275,702,1353,1905
W0553634_R.png,331,503,1298,1585
W0553734_R.png,75,479,910,1375
W0553742_L.png,342,554,1317,1695
W0553751_L.png,417,996,1387,2093
W0554117_L.png,252,923,1265,2058
W0554117_R.png,355,906,1410,2013
W0567939_R.png,253,742,1166,1820
W0572607_L.png,148,382,1002,1401
W0572608_L.png,265,848,1255,2061
W0572608_R.png,526,890,1482,2007
W0573030_L.png,267,501,1144,1460
W0573048_L.png,323,563,1057,1441
W0573049_L.png,244,516,1081,1587
W0573053_L.png,373,759,1225,1749
W0573053_R.png,467,774,1349,1801
W0573106_R.png,410,629,1312,1710
W0573118_R.png,527,502,1334,1483
W0573162_R.png,300,517,1258,1551
W0573227_R.png,351,300,1335,1375
W0573236_R.png,350,636,1280,1618
W0573237_L.png,329,620,1332,1744
W0573290_R.png,254,683,1196,1762
W0573291_R.png,442,702,1342,1748
W0573292_R.png,434,758,1321,1847
W0573420_R.png,190,429,1133,1576
W0573467_L.png,303,545,1267,1732
W0573467_R.png,149,514,1177,1658
W0573816_L.png,322,752,1365,1868
W0573816_R.png,168,663,1187,1857
W0573832_L.png,346,776,1390,1893
W0573888_L.png,331,954,1306,1985
W0573930_R.png,245,801,1206,1788
W0573935_L.png,453,599,1338,1571
