D0665069_L.png,180,882,1080,1610
D0737752_R.png,240,547,1118,1350
D1518462_L.png,523,502,1357,1300
D1745477_R.png,212,812,1070,1641
D1745517_L.png,622,807,1508,1778
D1751214_L.png,502,734,1486,1599
D1751214_R.png,212,717,1132,1594
D1801607_L.png,483,696,1486,1583
D1801607_R.png,212,710,1193,1591
D1810813_L.png,408,609,1420,1525
D1810813_R.png,205,544,1160,1557
D1823042_L.png,495,612,1328,1420
D1825390_L.png,558,641,1333,1428
D1829203_L.png,536,647,1325,1428
D1832380_L.png,522,639,1339,1428
D1844471_L.png,555,668,1330,1420
D1850955_L.png,547,677,1333,1431
D1880227_L.png,325,622,1256,1406
D1906166_L.png,322,619,1250,1417
D1924992_L.png,322,600,1261,1403
D1937204_R.png,94,566,1131,1454
D1951431_R.png,285,409,942,1125
D2033004_R.png,180,367,1086,1214
D2049633_R.png,90,521,1170,1515
D2070443_R.png,84,503,1170,1509
D2077551_R.png,90,506,1173,1523
D2122039_R.png,76,512,1193,1518
D2154018_L.png,291,514,1242,1398
D2165945_L.png,278,508,1242,1408
D2167941_L.png,296,467,1242,1393
D2234265_L.png,257,485,1234,1406
D2265068_R.png,72,489,1048,1412
D2356049_L.png,293,371,1116,1117
D2356049_R.png,221,376,1070,1204
D2376428_L.png,421,515,1342,1276
D2385192_R.png,179,465,1034,1394
D2407188_R.png,158,593,1027,1449
D2444150_L.png,221,378,1121,1191
D2444150_R.png,239,312,1175,1142
D2457085_L.png,389,412,1257,1272
D2457085_R.png,210,500,1102,1405
D2509446_L.png,314,424,1322,1343
D2509446_R.png,173,361,1200,1321
D2556588_R.png,302,552,989,1163
D2587825_L.png,164,331,912,894
D2623254_L.png,292,385,896,914
D2623254_R.png,184,294,768,874
D2631643b_R.png,266,426,1028,1135
D2631643_R.png,321,564,1089,1324
D2631993_R.png,268,501,961,1117
D2633577_R.png,96,488,844,1170
D2633833b_R.png,273,435,1009,1135
D2633833_R.png,321,590,1066,1322
D2643990_R.png,185,435,979,1028
D2644328_R.png,200,564,895,1073
D2644623_R.png,188,466,886,1015
D2648524_R.png,141,483,941,1089
D2659616_R.png,110,295,678,895
D2666603_L.png,324,275,914,834
D2666603_R.png,273,299,925,863
D2670122_L.png,167,357,769,930
D2671665_L.png,257,341,927,965
D2671665_R.png,169,434,847,1061
D2683156_R.png,193,732,779,1432
D2684450_L.png,211,408,887,956
D2690051_L.png,365,472,1065,1113
D2690051_R.png,235,533,935,1177
D2707103_L.png,272,341,920,877
D2709000_R.png,251,321,967,984
D2717467_L.png,247,348,893,982
D2717467_R.png,143,411,786,1081
D2718379_L.png,247,397,943,1018
D2727131_L.png,270,234,900,832
D2727131_R.png,189,371,901,937
D2727829_R.png,178,375,902,1006
D2730108_R.png,109,315,804,1043
D2732502_L.png,230,266,833,825
D2744714_L.png,228,382,938,1000
D2744714_R.png,265,368,1007,965
D2816666_R.png,349,491,1185,1466
D2817619_R.png,198,559,826,1093
D2819875_L.png,259,297,933,851
D2819875_R.png,287,359,980,920
D2819985_L.png,185,396,922,974
D2823078_L.png,332,485,1016,1010
D2824456_R.png,278,479,942,1076
D2848523_L.png,302,186,948,652
D2851519_R.png,185,434,883,1121
D2855832_L.png,286,387,982,1022
D2855894_L.png,209,210,834,769
D2855894_R.png,187,284,832,870
D2857053_L.png,377,419,1157,1127
D2857053_R.png,316,426,1053,1102
D2859691_L.png,345,288,1003,909
D2859691_R.png,250,294,948,963
D2864033_L.png,283,375,985,1077
D2864064_L.png,365,538,1080,1106
D2864064_R.png,54,315,767,810
D2869978_L.png,239,439,928,1082
D2870886_R.png,195,569,1056,1228
D2874502_L.png,357,589,1072,1284
D2874502_R.png,196,640,949,1328
D2875046_L.png,153,352,892,1023
D2875046_R.png,180,442,937,1096
D2875422_R.png,236,617,1024,1246
D2876820_R.png,250,370,983,959
D2877723_L.png,181,430,860,996
D2877723_R.png,233,394,895,982
D2885131_L.png,342,388,940,939
D2885131_R.png,301,533,964,1115
D2888929_L.png,321,470,1039,1046
D2890226_L.png,241,463,884,1059
D2890226_R.png,185,376,885,958
D2892022_L.png,181,362,959,974
D2892022_R.png,191,269,936,876
D2895659b_L.png,353,437,1034,937
D2895659c_L.png,459,687,1064,1323
D2895659d_L.png,266,313,941,944
D2895659e_L.png,313,461,994,1050
D2895659_L.png,508,382,1182,1063
D2898282b_L.png,272,403,1003,1001
D2898282c_L.png,188,316,909,888
D2898282d_L.png,124,433,840,1021
D2898282e_L.png,236,461,948,1048
D2898282_L.png,241,506,941,1083
D2900145_L.png,269,468,1050,1184
D2904806_L.png,305,460,966,1052
D2904806_R.png,195,499,860,1087
D2909596_L.png,522,557,1154,1088
D2909596_R.png,267,399,913,984
D2912799_R.png,208,535,920,1233
D2915104_R.png,437,411,1106,1062
D2917634_L.png,314,387,1051,996
D2917634_R.png,314,281,1028,944
D2923717_L.png,332,471,964,1066
D2923717_R.png,207,402,862,1008
D2924484_L.png,495,634,1177,1276
D2944968_L.png,307,375,910,946
D2951545_L.png,315,453,1000,1063
D2951545_R.png,229,528,938,1148
D2951691_R.png,195,457,846,1040
D2969071b_L.png,474,694,1283,1317
D2969071c_L.png,231,426,1015,1046
D2969071d_L.png,290,340,1065,1025
D2969071e_L.png,453,398,1144,1101
D2969071_L.png,258,423,1048,1074
D2971028_L.png,309,476,979,1063
D2976831_L.png,586,318,1395,1106
D2977503_L.png,758,323,1386,994
D2988792_R.png,203,515,965,1207
D2995893_R.png,163,455,877,1033
D3000317_L.png,276,357,1059,1016
D3000317_R.png,191,399,975,1106
D3005255_L.png,285,433,950,943
D3005255_R.png,257,465,953,999
D3009413_L.png,291,540,1067,1126
D3009413_R.png,162,571,940,1195
D3019819_L.png,241,344,972,1090
D3019819_R.png,91,335,830,999
D3026469_R.png,121,381,793,971
D3034578_R.png,220,408,925,1130
D3043101_L.png,200,401,823,920
D3043101_R.png,246,468,943,1034
D3044144_L.png,331,439,1131,1110
D3045186_L.png,335,425,1056,1041
D3049478_L.png,433,560,1070,1114
D3049891_L.png,310,346,962,875
D3049891_R.png,182,312,821,912
D3050417_L.png,313,448,965,1053
D3053496_L.png,428,577,1121,1160
D3053496_R.png,350,762,1020,1318
D3054460_L.png,624,593,1275,1273
D3067297_R.png,232,654,980,1377
D3072058_R.png,228,531,992,1201
D3080790_L.png,288,358,1020,986
D3080790_R.png,373,409,1026,1034
D3081083_R.png,190,415,931,1116
D3081694_R.png,185,439,878,1155
D3088714_L.png,306,345,1082,957
D3090397_R.png,155,296,847,973
D3091984_L.png,354,538,1121,1237
D3098131_R.png,199,789,890,1436
D3099968_L.png,360,636,1137,1454
D3103435_L.png,315,455,990,1134
D3110030_L.png,379,378,1065,1060
D3113030_R.png,239,453,1053,1144
D3113861_L.png,77,361,850,1034
D3113861_R.png,177,348,948,1098
D3113942_L.png,130,341,802,1028
D3113942_R.png,232,405,945,1038
D3128721_L.png,372,462,1023,1049
D3139603_L.png,270,484,1025,1070
D3146171_L.png,211,468,944,1136
D3146171_R.png,245,503,1013,1156
D3153268_L.png,237,410,914,982
D3153268_R.png,123,380,801,969
D3160370_R.png,161,1969,1207,2984
D3161316_L.png,365,453,1192,1143
D3168172_L.png,191,492,1006,1190
D3169444_R.png,181,412,923,1141
D3171203_L.png,284,563,1086,1204
D3171203_R.png,155,518,970,1210
D3172810_L.png,266,494,1075,1162
D3176879_L.png,205,422,952,1065
D3176879_R.png,263,400,1015,1021
D3187853_L.png,334,450,1020,993
D3193164_R.png,128,622,942,1401
D3195029_R.png,244,447,1011,1183
D3206689_R.png,251,389,999,1066
D3212373_L.png,596,580,1267,1211
D3212373_R.png,189,474,840,1133
D3218571b_R.png,276,468,969,1016
D3218571c_R.png,169,430,886,1025
D3218571d_R.png,253,547,969,1139
D3218571e_R.png,284,613,958,1241
D3218571_R.png,326,444,1030,1036
D3220395_L.png,241,377,988,1001
D3223045_L.png,689,1043,1620,2018
D3227406_L.png,320,543,1113,1189
D3227406_R.png,376,548,1149,1206
D3229751_L.png,374,462,974,1078
D3231262_L.png,318,464,1027,1157
D3231262_R.png,123,393,804,1028
D3232287_L.png,281,413,957,968
D3236155_L.png,356,534,1018,1077
D3237279_L.png,482,531,1259,1195
D3237279_R.png,284,538,1056,1191
D3237551_L.png,367,468,1054,1004
D3237551_R.png,159,329,791,914
D3238552_L.png,351,425,1130,1112
D3238552_R.png,211,400,994,1108
D3250005_L.png,425,430,1172,1125
D3250005_R.png,434,503,1183,1211
D3251259_L.png,456,592,1106,1154
D3251259_R.png,235,475,911,1060
D3251550_L.png,487,465,1213,1168
D3254325_L.png,392,423,1156,1182
D3256501_L.png,432,671,1215,1347
D3256501_R.png,214,595,1006,1377
D3257347_L.png,886,554,1595,1249
D3257347_R.png,297,797,1062,1483
D3260364_R.png,197,419,985,1178
D326087_L.png,304,485,997,1198
D326087_R.png,242,442,942,1152
D3262103_L.png,296,299,991,960
D3267087_L.png,282,478,997,1210
D3267087_R.png,242,413,970,1134
D3276125_L.png,346,411,1094,1151
D3278116_L.png,262,489,1058,1107
D3279162_L.png,424,583,1050,1128
D3279162_R.png,386,567,1015,1085
D3293849_L.png,486,399,1143,1095
D3300518_R.png,410,402,1092,996
D3307262_L.png,333,411,1006,1013
D3316571_L.png,293,291,1032,1088
D3316571_R.png,209,411,977,1150
D3334245_L.png,486,501,1146,1169
D3336267_L.png,422,671,1110,1292
D3364479_R.png,180,579,898,1224
D3369663_R.png,213,508,865,1062
D3371359_R.png,189,596,937,1283
D3372461_L.png,253,396,893,938
D3382971_L.png,494,698,1270,1418
D3386726_L.png,305,549,954,1127
D3391007_R.png,265,319,951,894
D3394119_R.png,152,398,887,1181
D3403317_L.png,312,576,1076,1246
D3413614_R.png,158,525,920,1212
D3422086_R.png,318,629,1129,1372
D3424168_L.png,239,475,895,1116
D3424168_R.png,164,458,851,1093
D3424865_R.png,250,616,934,1248
D3426081_L.png,247,480,939,1044
D3426081_R.png,290,530,980,1080
D3426191_R.png,288,386,1056,1076
D3428080_L.png,466,327,1066,1012
D3428424_L.png,610,552,1284,1185
D3428424_R.png,133,621,801,1215
D3429920_L.png,509,504,1255,1148
D3429940_R.png,289,646,961,1266
D3430666_L.png,434,409,1085,955
D3430666_R.png,205,497,832,1124
D3435211_L.png,322,583,1019,1089
D3435211_R.png,119,460,767,1054
D3435939_R.png,162,343,845,1057
D3446562_R.png,245,416,969,1116
D3454766_R.png,264,493,941,1053
D3457108_L.png,472,517,1179,1186
D3458627_L.png,505,241,1167,964
D3459229_R.png,355,549,1057,1114
D3461920_R.png,191,341,839,927
D3465117_L.png,237,375,902,855
D3465117_R.png,176,330,874,874
D3472702_L.png,226,447,987,1131
D3472702_R.png,228,418,974,1144
D3472779_R.png,212,527,919,1099
D3473204_L.png,279,368,976,906
D3473216_L.png,245,413,1042,1029
D3473216_R.png,216,407,988,1045
D3473737_L.png,414,349,1029,951
D3474080_L.png,291,326,887,904
D3474575_L.png,340,289,1082,965
D3474575_R.png,163,252,914,955
D3474900_L.png,357,638,1048,1255
D3475035_L.png,428,468,1118,1131
D3475035_R.png,106,167,809,845
D3475592_R.png,231,320,866,893
D3475633_R.png,261,302,937,931
D3475957_L.png,333,320,968,874
D3475994_L.png,566,360,1239,899
D3475994_R.png,118,295,765,864
D3476021_R.png,292,365,948,888
D3476022_L.png,609,523,1283,1196
D3476104_R.png,384,303,1071,855
D3476115_L.png,577,358,1220,1007
D3476115_R.png,297,492,952,1203
D3476455_L.png,452,201,1090,807
D3476455_R.png,217,189,832,797
D3476544_L.png,381,343,1074,985
D3476544_R.png,134,276,793,961
D3476585_L.png,411,364,1120,1096
D3476589_L.png,462,255,1171,919
D3476589_R.png,158,315,847,1000
D3477293_L.png,405,226,1069,852
D3477293_R.png,233,282,937,949
D3477523_L.png,529,1254,1607,2279
D3477761_L.png,515,671,1192,1258
D3477761_R.png,366,565,1055,1240
D3478681_R.png,320,419,1032,1019
D3478964_L.png,241,415,900,994
D3478964_R.png,260,399,914,986
D3479331_L.png,340,464,959,1037
D3479380_L.png,297,484,1004,1113
D3479440_R.png,285,368,903,904
D3479708_L.png,282,390,1037,1017
D3480112_R.png,207,275,854,852
D3480242_L.png,369,360,1047,922
D3480417_L.png,344,321,1064,953
D3480509_L.png,298,350,966,891
D3480779_L.png,377,388,1066,980
D3481005_L.png,400,384,1095,973
D3481032_L.png,287,300,1008,900
D3481041_L.png,489,324,1118,805
D3481041_R.png,209,339,821,848
D3481274_L.png,429,339,1118,972
D3481274_R.png,266,328,889,970
D3481332_L.png,293,359,924,886
D3481332_R.png,212,338,869,956
D3481481_R.png,255,247,986,926
D3481671_R.png,245,320,928,925
D3481686_R.png,193,316,933,946
D3481724_L.png,325,334,981,856
D3481724_R.png,158,369,822,981
D3481766_L.png,268,462,966,1064
D3483548_L.png,556,168,1234,784
D3483628_R.png,203,449,997,1160
D3483801_L.png,287,448,981,1004
D3483801_R.png,272,340,992,961
D3483945_L.png,242,380,930,923
D3483959_L.png,354,363,1022,971
D3483959_R.png,220,349,866,953
D3483985_L.png,357,383,990,982
D3483985_R.png,222,396,826,1027
D3484034_L.png,275,406,960,993
D3484093_L.png,248,438,920,1038
D3484442_L.png,235,380,846,919
D3484542_L.png,202,309,912,925
D3484795_L.png,254,318,916,895
D3484879_L.png,232,425,953,960
D3484921_L.png,288,597,1002,1207
D3484921_R.png,242,457,945,1088
D3484939_R.png,179,562,907,1264
D3484976_R.png,251,627,876,1227
D3485160_R.png,185,538,1103,1609
D3485317_L.png,266,358,944,920
D3485317_R.png,220,349,865,954
D3485332_L.png,298,338,1019,935
D3485454_R.png,258,569,1016,1161
D3485623_L.png,336,511,992,1055
D3485791_L.png,277,549,994,1139
D3487125_L.png,486,435,1191,1021
D3487125_R.png,316,458,1013,1042
D3487141_L.png,260,383,1079,1105
D3487792_L.png,193,451,870,1012
D3487792_R.png,91,339,734,947
D3487916_L.png,417,503,1100,1084
D3487916_R.png,233,523,945,1089
D3489011b_R.png,175,448,837,1165
D3489011_R.png,211,480,907,1171
D3489342_L.png,251,500,914,1072
D3489342_R.png,155,458,833,1069
D3489412_L.png,390,453,1030,1029
D3489490_R.png,279,897,1123,1863
D3490121_L.png,388,508,1073,1167
D3490121_R.png,190,454,864,1125
D3490807_L.png,268,498,988,1120
D3490807_R.png,243,418,1006,1074
D3490905_L.png,183,456,870,1032
D3490905_R.png,120,536,792,1091
D3490911_R.png,277,374,948,940
D3490967_L.png,380,465,1025,972
D3490995_R.png,332,467,1022,1039
D3491121_L.png,349,507,1040,1125
D3491733_R.png,257,410,858,1001
D3491942_L.png,333,481,1006,1040
D3491959_L.png,301,471,944,1018
D3492029_R.png,233,496,998,1154
D3492049_R.png,273,510,952,1051
D3492105_L.png,391,431,1061,1028
D3492510_R.png,61,567,750,1209
D3492823_L.png,281,471,1077,1247
D3492832_L.png,300,464,988,1042
D3492832_R.png,185,376,903,954
D3492867_L.png,226,447,1056,1154
D3492898_L.png,392,490,1099,1125
D3492920_L.png,403,536,1112,1045
D3492920_R.png,270,581,983,1175
D3492986_L.png,301,511,1006,1166
D3492986_R.png,233,458,955,1114
D3493006_L.png,249,465,942,1056
D3493116_L.png,166,407,849,1004
D3493206_L.png,345,472,971,1049
D3493206_R.png,201,514,838,1112
D3493217_L.png,287,443,987,1058
D3493256_R.png,226,500,967,1173
D3493442_L.png,285,445,997,1055
D3493961_L.png,259,499,1015,1085
D3493992_L.png,387,540,1033,1103
D3493992_R.png,332,505,932,1062
D3494048_R.png,297,453,974,1066
D3495581_L.png,337,507,1060,1187
D3495683_R.png,218,427,765,1069
D3495738_L.png,322,416,1001,960
D3495748_R.png,220,434,945,1066
D3495960_R.png,146,498,845,1163
D3496754_R.png,71,484,669,1082
D3497307_L.png,847,633,1588,1181
D3497946_R.png,315,428,984,935
D3498786_L.png,225,331,859,962
D3498786_R.png,280,474,980,1115
D3500388_L.png,172,446,846,1023
D3500388_R.png,242,481,891,1114
D3502119_R.png,261,521,953,1105
D3502833_R.png,236,419,843,1038
D3505154_L.png,560,509,1276,1166
D3507805_R.png,214,601,910,1217
D3507894_L.png,471,472,1201,1172
D3508904_R.png,245,417,942,1006
D3509725_L.png,348,500,1015,1057
D3509838_L.png,179,337,875,925
D3509838_R.png,257,313,973,926
D3510045_R.png,260,411,938,1002
D3510089_L.png,201,355,938,958
D3510089_R.png,206,345,927,924
D3510459_R.png,206,452,956,1121
D3511152_R.png,224,580,1024,1405
D3511318_L.png,347,573,1034,1129
D3511318_R.png,277,478,951,1030
D3512782_L.png,362,474,1026,1164
D3513276_L.png,295,596,1021,1225
D3513278_R.png,262,663,953,1263
D3514399_L.png,459,612,1214,1385
D3515457_L.png,495,634,1287,1442
D3517971_R.png,220,325,884,932
D3517984_R.png,265,384,953,1053
D3518653_R.png,221,434,774,1017
D3519185_R.png,187,477,958,1130
D3519403_R.png,288,441,1001,1151
D3519804_L.png,222,387,800,883
D3520352_L.png,272,481,997,1165
D3520352_R.png,136,523,753,1111
D3520436_R.png,213,465,829,1086
D3521837_L.png,364,524,1088,1207
D3522072_L.png,242,557,906,1116
D3522072_R.png,255,502,933,1079
D3522195_L.png,274,435,967,1080
D3522239_L.png,353,572,1080,1196
D3522770_R.png,246,544,949,1131
D3522850_L.png,490,598,1271,1219
D3523294_L.png,323,458,1052,1058
D3524753_R.png,299,523,985,1123
D3525525_L.png,216,440,871,1019
D3525753_R.png,292,466,990,1003
D3525887_L.png,305,481,987,1059
D3525887_R.png,248,414,942,1036
D3526532_L.png,335,477,1013,1108
D3526532_R.png,134,440,834,1074
D3527209_R.png,250,474,925,1101
D3527885_L.png,368,986,1311,1840
D3527885_R.png,341,878,1265,1755
D3528347_R.png,259,677,1016,1362
D3530334_L.png,216,531,963,1150
D3530334_R.png,289,555,974,1201
D3531156_R.png,225,539,920,1126
D3531618_R.png,230,920,1105,1809
D3532936_R.png,424,556,1265,1311
D3534317_R.png,275,585,953,1167
D3534374_L.png,261,433,992,1081
D3534374_R.png,311,443,1045,1074
D3535075_L.png,531,614,1230,1169
D3535075_R.png,325,555,994,1102
D3535087_R.png,203,443,911,1072
D3535164_R.png,296,458,1052,1108
D3535665_L.png,362,335,1087,971
D3535665_R.png,392,525,1089,1092
D3535750_L.png,468,641,1316,1323
D3535750_R.png,277,542,1099,1238
D3536423_R.png,376,495,1049,1010
D3536825_R.png,272,799,1148,1686
D3536898_L.png,349,603,1066,1251
D3537460_R.png,155,455,866,1116
D3537486_R.png,309,445,913,1050
D353768_L.png,327,480,981,1032
D3537745_L.png,292,489,936,1044
D3537793_R.png,195,479,817,1116
D3537867_L.png,550,462,1225,1102
D3538239_L.png,731,579,1409,1144
D3538954_R.png,267,520,918,1106
D3539541_R.png,270,500,898,1025
D3539748_L.png,292,395,922,997
D3540248_R.png,247,522,940,1169
D3540658_R.png,251,414,949,1058
D3540846_R.png,184,468,929,1096
D3541107_R.png,129,558,881,1241
D3542236_R.png,312,457,1048,1070
D3542280_L.png,365,602,1050,1198
D3542280_R.png,241,448,907,1029
D3542398_R.png,202,514,867,1060
D3542466_L.png,274,501,976,1211
D3542581_L.png,381,528,1051,1091
D3542605_L.png,352,615,1062,1243
D3542605_R.png,198,625,927,1240
D3542878_L.png,330,1073,1375,1962
D3542878_R.png,421,800,1390,1752
D3542967_L.png,346,503,1005,1050
D3543050_R.png,338,449,980,1000
D3543674_L.png,713,945,1527,1771
D3546078_R.png,227,529,879,1101
D3546325_L.png,363,496,1015,1079
D3546553_L.png,406,628,1184,1313
D3546925_L.png,120,401,867,1012
D3547431_R.png,294,627,992,1253
D3547469_R.png,283,426,1025,1076
D3547668_R.png,194,413,886,1027
D3547797_L.png,270,547,914,1201
D3548260_R.png,373,372,1019,998
D3549018_R.png,361,563,1070,1215
D3550227_L.png,294,506,1012,1151
D3550244_L.png,414,449,1029,994
D3550244_R.png,165,511,776,1048
D3550336_L.png,307,550,932,1121
D3550336_R.png,217,516,839,1119
D3550339_L.png,350,617,1037,1208
D3550449_L.png,476,407,1104,997
D3550449_R.png,139,388,759,973
D3550929_R.png,413,439,1110,1031
D3551140_L.png,264,491,924,1071
D3551205_L.png,239,479,840,977
D3551433_R.png,364,521,1131,1115
D3551704_L.png,411,472,1092,974
D3551704_R.png,282,453,939,960
D3552134_R.png,370,582,1007,1140
D3554777_R.png,276,427,988,1062
D3554865_L.png,399,448,1114,1177
D3554998_L.png,481,493,1223,1196
D3555049_L.png,468,633,1152,1239
D3555190_L.png,400,446,1044,962
D3555610_R.png,160,395,884,1095
D3555671_L.png,642,519,1310,1153
D3555675b_R.png,180,424,971,1150
D3555675_R.png,294,538,1080,1283
D3555717_L.png,435,504,1139,1152
D3555915_R.png,211,497,959,1128
D3555923_L.png,526,553,1203,1110
D3555923_R.png,182,606,850,1158
D3556076_L.png,422,623,1152,1236
D3556076_R.png,247,614,990,1234
D3556165_L.png,398,552,1094,1116
D3556194_L.png,376,522,1081,1058
D3556640_L.png,433,452,1090,1002
D3556640_R.png,199,628,909,1160
D3556692_L.png,532,557,1127,1075
D3556692_R.png,210,469,818,1012
D3556720_L.png,376,537,1050,1146
D3556720_R.png,286,592,959,1143
D3556756_R.png,197,418,957,1037
D3556764_L.png,449,609,1178,1268
D3556988_L.png,397,613,1121,1220
D3557156_L.png,346,502,1057,1126
D3557175_R.png,261,566,1052,1238
D3557375_L.png,342,467,1040,1052
D3557436_L.png,371,608,1037,1162
D3557496_L.png,425,560,1118,1137
D3557596_R.png,223,488,890,1108
D3557613_L.png,319,529,973,1045
D3557613_R.png,168,533,785,1100
D3557973_L.png,700,319,1335,964
D3557973_R.png,211,297,786,932
D3558157_R.png,258,529,960,1110
D3558274_L.png,294,482,1056,1176
D3558475_R.png,337,500,964,1015
D3558535_L.png,247,520,900,1097
D3558889_L.png,314,566,991,1145
D3559248_L.png,484,506,1181,1099
D3559248_R.png,440,497,1107,1153
D3559525_L.png,153,578,849,1220
D3560796_R.png,237,420,899,990
D3560840_L.png,221,341,910,981
D3560840_R.png,246,421,909,1060
D3561130b_R.png,303,448,892,1038
D3561130_R.png,187,410,801,998
D3561242_R.png,352,425,1019,1013
D3561299_R.png,290,431,921,961
D3561420_L.png,275,399,951,973
D3561761_L.png,287,429,958,997
D3561761_R.png,216,431,884,1045
D3561899_L.png,305,985,1200,1807
D3561951_L.png,513,812,1437,1655
D3562319_R.png,273,386,908,895
D3562800_R.png,236,480,909,1098
D3563111_L.png,402,378,1047,1014
D3563111_R.png,140,420,772,1040
D3563505_L.png,171,478,852,1072
D3563505_R.png,182,423,878,1027
D3564006_R.png,256,538,916,1096
D3564382_R.png,279,481,1013,1057
D3564434_L.png,270,513,981,1181
D3564498_R.png,192,581,918,1266
D3564518_L.png,247,631,888,1192
D3564584b_R.png,360,505,1072,1155
D3564584_R.png,335,507,1046,1153
D3565229_R.png,277,551,936,1151
D3565808_L.png,279,570,916,1207
D3565954_L.png,312,601,968,1175
D3566007_L.png,153,489,974,1132
D3566125_R.png,243,392,977,1101
D3566694_R.png,168,543,764,1144
D3566708_R.png,224,540,946,1168
D3566726_L.png,544,549,1428,1539
D3567104_L.png,298,547,1026,1151
D3567104_R.png,309,589,1011,1168
D3567149_R.png,250,483,959,1125
D3567333_R.png,245,629,900,1262
D3567442_L.png,379,660,1036,1305
D3567442_R.png,216,607,885,1214
D3567475_L.png,367,579,1048,1153
D3567475_R.png,293,376,947,1004
D3567755_L.png,255,566,894,1131
D3567811_L.png,308,599,973,1229
D3567811_R.png,218,586,886,1197
D3567824_R.png,260,498,918,1129
D3567829_L.png,352,475,1009,1077
D3567836_L.png,304,429,901,1006
D3568207_L.png,384,455,984,1031
D3568207_R.png,226,448,861,1031
D3568252_L.png,331,492,944,1083
D3568880_L.png,76,394,769,949
D3568880_R.png,150,392,793,1019
D3569688_L.png,244,562,933,1140
D3569688_R.png,318,516,1019,1077
D3569725_L.png,297,558,981,1099
D3570399_L.png,293,527,1008,1189
D3570399_R.png,289,478,1009,1083
D3571185_L.png,205,548,862,1186
D3571185_R.png,139,502,800,1131
D3571487_L.png,271,566,886,1157
D3573395_R.png,186,458,852,1151
D3573543_L.png,256,487,926,1054
D3573543_R.png,217,489,891,1083
D3573655_L.png,133,446,915,1134
D3573906_L.png,491,635,1091,1228
D3573906_R.png,173,675,796,1210
D3574402_R.png,223,476,984,1153
D3574480_L.png,124,367,854,942
D3574480_R.png,242,400,973,1009
D3574544_R.png,225,511,896,1120
D3575591_L.png,305,573,1049,1154
D3575772_R.png,225,546,875,1221
D3578439_L.png,408,843,1174,1620
D3578747_L.png,428,460,1091,1108
D3579323_R.png,265,414,1022,1058
D3579499_L.png,385,406,1089,1028
D3579645_R.png,187,425,951,1089
D3579678_L.png,432,438,1125,1041
D3579678_R.png,124,293,811,838
D3580752_R.png,202,353,843,940
D3581184_R.png,208,278,874,864
D3581367_L.png,446,295,1109,883
D3581367_R.png,186,367,862,939
D3582089_L.png,434,341,1118,899
D3582089_R.png,161,344,824,889
D3582360_L.png,468,430,1116,1028
D3582664_L.png,544,472,1231,1074
D3582664_R.png,225,352,918,931
D3582786_L.png,399,412,1077,987
D3582786_R.png,127,401,769,963
D3583911_L.png,398,422,1139,1087
D3584023_L.png,196,360,866,980
D3584023_R.png,216,421,854,1028
D3584774_L.png,419,413,1109,973
D3585091_R.png,184,342,847,916
D3585765_L.png,450,420,1088,967
D3586105_R.png,166,288,858,913
D3586367_R.png,168,283,913,929
D3586733_L.png,482,371,1134,905
D3586733_R.png,74,281,663,852
D358691_L.png,476,324,1159,971
D3587028_L.png,458,398,1080,972
D3587028_R.png,201,346,813,880
D3587061_L.png,476,473,1139,1060
D3587061_R.png,169,411,836,995
D3587611_L.png,383,292,1059,868
D3587744_R.png,148,476,798,1125
D3588203_R.png,255,470,993,1117
D3588380_R.png,312,621,1012,1182
D3588484_L.png,372,519,1050,1083
D3588627_L.png,631,515,1290,1207
D3588627_R.png,97,359,799,1043
D3588847_L.png,562,416,1179,988
D3588890_R.png,200,604,878,1202
D3589199_L.png,476,592,1243,1255
D3589199_R.png,213,555,924,1249
D3589224_R.png,155,498,769,1063
D3589510_L.png,432,518,1075,1081
D3589510_R.png,189,485,807,1042
D3589921_L.png,387,523,1047,1108
D3590099_L.png,701,723,1409,1361
D3590283_L.png,578,642,1296,1175
D3590420_L.png,693,664,1395,1428
D3590701_L.png,432,448,1066,1011
D3591219_L.png,280,520,954,1149
D3591219_R.png,236,484,922,1087
D3591637_L.png,313,442,1025,1141
D3591637_R.png,224,447,913,1150
D3591910_L.png,436,340,1103,897
D3592407_R.png,330,437,1015,1078
D3593562_L.png,298,579,975,1174
D3593701_L.png,594,549,1253,1222
D3593701_R.png,420,643,1118,1241
D3593782_L.png,202,358,860,912
D3593782_R.png,239,435,886,984
D3593847_L.png,251,468,914,983
D3593847_R.png,207,464,892,1007
D3593848_L.png,255,498,947,1100
D359384_L.png,221,504,986,1165
D359384_R.png,172,362,949,1025
D3594607_L.png,232,525,993,1166
D3594607_R.png,264,440,1006,1060
D3594678_L.png,80,388,774,965
D3594678_R.png,150,475,815,1083
D3594717_L.png,378,581,1056,1216
D3594717_R.png,194,470,873,1052
D3594738_L.png,264,543,1011,1133
D3594738_R.png,253,448,970,1043
D3594752_R.png,253,534,989,1228
D3594795_L.png,210,425,832,1057
D3594795_R.png,162,312,781,999
D3594938_L.png,269,485,974,1066
D3594938_R.png,261,425,971,990
D3595407_R.png,324,461,1030,1079
D3595494_R.png,228,443,989,1131
D3595857_L.png,234,568,929,1153
D3595913_L.png,180,405,847,1015
D3595971_L.png,188,451,903,1073
D3595971_R.png,201,421,916,1074
D3596034_L.png,288,385,1011,1034
D3596034_R.png,213,301,907,957
D3596078_L.png,420,457,1105,1047
D3596078_R.png,145,315,820,924
D3597462_L.png,356,628,1083,1318
D3598600_R.png,71,476,767,1260
D3600252_R.png,245,486,932,1071
D3600589_R.png,327,356,1058,939
D3600714_L.png,320,537,983,1119
D3600807_L.png,354,478,1062,1020
D3600861_L.png,284,515,975,1131
D3600914_R.png,403,521,1046,1086
D3601245_L.png,267,496,1009,1123
D3601245_R.png,206,395,975,1050
D3601369_L.png,188,477,823,998
D3602060_L.png,348,575,1044,1186
D3602060_R.png,227,501,890,1091
D3603048_L.png,371,358,1025,881
D3603272_R.png,232,463,916,1044
D3603276_R.png,197,409,888,1075
D3603538_L.png,323,408,969,1034
D3603538_R.png,256,407,910,1050
D3603559_R.png,190,507,897,1148
D3604176_L.png,436,397,1146,934
D3604176_R.png,158,306,848,865
D3604208_L.png,399,431,1094,1009
D3604208_R.png,190,418,890,1016
D3604292_L.png,376,419,1132,1124
D3604292_R.png,255,235,999,928
D3604515_R.png,314,454,955,1200
D3604934_R.png,444,432,1131,1185
D3605136_R.png,277,570,910,1173
D3605359_R.png,175,543,923,1225
D3605363_R.png,315,195,1057,826
D3605689_R.png,322,679,1056,1251
D3605707_R.png,400,273,1052,862
D3605767_R.png,188,327,791,846
D3606117_L.png,425,955,1408,1832
D3606117_R.png,231,880,1147,1811
D3606273_L.png,303,931,1326,1811
D3606273_R.png,189,802,1158,1700
D3606291_R.png,90,493,732,1084
D3606464_L.png,439,397,1105,984
D3606464_R.png,93,560,744,1123
D3606471_L.png,404,452,1106,1090
D3606474_R.png,94,300,753,991
D3606524_L.png,246,408,938,1028
D3606643_R.png,240,495,907,1099
D3606957_R.png,192,405,854,986
D3607172_R.png,323,536,943,1118
D3607240_L.png,444,534,1107,1097
D3607240_R.png,333,562,977,1113
D3607351_L.png,478,510,1182,1142
D3607351_R.png,288,491,976,1116
D3607384_L.png,368,599,1160,1326
D3609036_R.png,255,422,924,1079
D3609619_L.png,188,572,922,1186
D3609683_R.png,368,521,1121,1153
D3609700_L.png,380,454,1005,1043
D3611261_R.png,182,508,870,1121
D3612262_L.png,367,432,1044,942
D3612582_L.png,390,440,1125,1070
D3612582_R.png,140,338,834,957
D3612614_L.png,376,362,1007,865
D3612614_R.png,246,344,884,829
D3612792_L.png,394,411,1103,984
D3612942_L.png,374,369,1092,969
D3613123_R.png,223,351,921,976
D3613449_L.png,332,512,1031,1110
D3613449_R.png,242,646,966,1250
D3613543_L.png,379,455,1123,1031
D3613598_L.png,338,564,960,1103
D3613611_R.png,273,477,1014,1186
D3613690_L.png,332,529,980,1049
D3613786_L.png,385,505,1057,1046
D3613786_R.png,179,365,808,968
D3613840_L.png,186,449,913,1040
D3613988_L.png,225,417,882,1002
D3614216_L.png,539,369,1258,979
D3614216_R.png,118,309,806,990
D3614946_R.png,68,391,826,1115
D3615464_R.png,364,500,1045,1142
D3615637_L.png,401,397,1079,994
D3615637_R.png,256,453,948,1069
D3615693_R.png,138,165,766,855
D3615850_L.png,242,476,973,1133
D3615850_R.png,221,533,930,1164
D3615894_L.png,280,517,923,1020
D3615894_R.png,265,423,911,915
D3615910_R.png,145,498,883,1156
D3616271_L.png,405,582,1063,1132
D3616271_R.png,310,608,968,1140
D3616426_L.png,314,678,1096,1399
D3616451_L.png,307,630,1005,1226
D3616451_R.png,344,568,1098,1168
D3616479_L.png,375,657,1053,1220
D3616479_R.png,311,627,981,1190
D3616540_L.png,335,515,1007,1137
D3616540_R.png,316,555,1001,1168
D3616664_L.png,368,546,1075,1239
D3616726_R.png,277,494,1023,1229
D3616850_L.png,474,504,1170,1110
D3616894_L.png,368,639,1031,1186
D3616894_R.png,267,660,931,1243
D3616949_R.png,212,538,870,1073
D3617005_R.png,197,530,979,1195
D3617089_R.png,353,594,966,1062
D3617337_R.png,287,593,970,1168
D3617403_R.png,316,642,951,1194
D3617456_L.png,656,700,1183,1339
D3617589_L.png,323,442,1016,1042
D3617644_R.png,272,583,1009,1224
D3617733_L.png,396,572,1120,1149
D3617733_R.png,241,687,951,1274
D3617879_L.png,347,455,1012,1112
D3617879_R.png,185,453,876,1062
D3618266_L.png,330,545,1007,1103
D3618266_R.png,200,505,908,1113
D3618301_R.png,418,644,1140,1241
D3618450_R.png,315,573,956,1208
D3618613_L.png,298,453,987,985
D3618613_R.png,275,658,984,1224
D3618640_R.png,274,460,961,1048
D3618948_R.png,267,599,951,1143
D3619068_R.png,175,567,715,1131
D3619256_L.png,448,567,1180,1247
D3619256_R.png,236,611,914,1267
D3619519_L.png,235,396,865,1011
D3619589_R.png,258,574,898,1138
D3619590_L.png,297,973,1325,1876
D3619650_L.png,219,432,945,1070
D3619792_L.png,302,476,885,936
D3619792_R.png,308,520,886,1004
D3619979_R.png,146,346,885,1060
D3620457_L.png,365,680,1146,1340
D3620658_R.png,246,408,954,1208
D3621083_L.png,451,530,1059,1092
D3621502_L.png,425,406,1062,962
D3621502_R.png,270,369,916,979
D3621799_L.png,328,383,1017,1046
D3622169_L.png,248,383,907,994
D3622951_L.png,256,494,982,1134
D3622951_R.png,216,476,950,1114
D3623315_L.png,191,420,868,1035
D3623315_R.png,228,353,916,935
D3623370_L.png,269,461,999,1124
D3623505_L.png,506,445,1161,992
D3623542_L.png,429,506,1133,1221
D3623546_R.png,161,659,843,1409
D3623564_L.png,390,403,1072,989
D3623564_R.png,109,360,801,957
D3623594_L.png,280,599,954,1233
D3623665_R.png,182,348,912,1036
D3623680_R.png,124,508,768,1117
D3623681_R.png,265,431,880,1050
D3623770_R.png,128,444,841,1085
D3623809_L.png,256,415,978,1097
D3623823_L.png,246,473,966,1124
D3624037_L.png,244,588,846,1108
D3624101_R.png,220,343,786,892
D3624121_L.png,307,277,1050,962
D3624267_R.png,105,316,687,959
D3624420_L.png,434,232,1062,776
D3624420_R.png,196,208,794,781
D3624566_L.png,326,369,963,959
D3624718_L.png,327,429,977,1159
D3624718_R.png,157,382,802,1113
D3624816_L.png,163,424,883,1037
D3624858_L.png,233,535,948,1255
D3624906_L.png,199,292,961,994
D3625113_L.png,189,549,967,1221
D3625113_R.png,230,446,970,1132
D3625180_R.png,279,539,979,1175
D3625240_R.png,110,432,747,1021
D3626103_L.png,362,486,960,1020
D3627176_L.png,527,650,1189,1199
D3627292_L.png,550,631,1217,1225
D3628069_L.png,338,467,996,1056
D3628138_R.png,72,595,738,1327
D3628236_R.png,184,307,794,904
D3628364_R.png,317,400,1069,1047
D3628381_R.png,286,448,943,1011
D3629942_R.png,192,521,868,1119
D3629986_R.png,261,415,918,1077
D3630017_L.png,344,472,1023,1087
D3630017_R.png,230,481,925,1083
D3630219_L.png,271,480,935,1082
D3630248_L.png,267,408,925,963
D3630248_R.png,200,300,885,863
D3630249_L.png,207,472,890,1019
D3630401_L.png,281,442,971,1067
D3630720_L.png,359,528,1003,1141
D3630720_R.png,269,419,903,996
D3631314_R.png,181,438,834,1084
D3631429_L.png,157,516,856,1145
D3631528_R.png,299,746,956,1448
D3632056_L.png,299,431,971,1014
D3632056_R.png,217,448,818,1048
D3632201_L.png,256,429,990,1073
D3632201_R.png,143,423,862,1114
D3632323_L.png,801,660,1450,1187
D3632323_R.png,184,747,804,1278
D3632625_L.png,260,440,986,1036
D3632625_R.png,181,428,955,1011
D3632635_L.png,280,466,885,926
D3632692_L.png,404,499,1094,1061
D3633053_L.png,278,445,920,1007
D3633053_R.png,265,467,945,995
D3633186_R.png,227,493,996,1142
D3633207_L.png,371,417,1107,1151
D3635198_L.png,147,319,792,874
D3635615_R.png,336,655,1171,1357
D3635686_L.png,295,540,984,1238
D3636095_R.png,200,443,750,1093
D3636475_L.png,402,362,1043,954
D3636475_R.png,304,375,897,960
D3636576_R.png,146,517,920,1217
D3636911_R.png,206,453,986,1168
D3638867_R.png,241,420,827,1030
D3639036_L.png,384,659,1189,1529
D3639063_L.png,446,485,1109,1003
D3639428_R.png,232,429,862,1014
D3639778_R.png,262,494,918,1149
D3640078_L.png,249,386,889,1031
D3640078_R.png,186,383,845,987
D3640158_R.png,221,481,908,1123
D3640656_R.png,190,450,970,1102
D3640871_L.png,287,469,919,1016
D3641133_L.png,235,122,877,769
D3641329_L.png,248,470,927,1055
D3641329_R.png,409,455,1107,1070
D3641355_R.png,272,420,1104,1107
D3641360_L.png,304,399,984,988
D3641360_R.png,135,367,806,947
D3641512_L.png,214,486,953,1105
D3641569_L.png,165,521,869,1123
D3641569_R.png,148,447,865,1064
D3641611_L.png,227,437,918,1009
D3641611_R.png,199,434,859,1060
D3641679_L.png,282,442,987,1010
D3641679_R.png,247,396,911,1020
D364191_L.png,381,395,1067,969
D364191_R.png,183,470,866,1080
D3641982_L.png,281,432,995,1078
D3642215_R.png,202,434,823,1038
D3642257_R.png,132,396,754,1015
D3642472_R.png,264,501,933,1060
D3642482_R.png,245,471,901,1053
D3642793_R.png,204,443,891,1041
D3642840_L.png,395,543,1057,1124
D3643158_L.png,358,409,980,992
D3643214_L.png,321,447,979,1017
D3643492_L.png,252,345,1054,966
D3643546_R.png,223,379,854,953
D3643620_L.png,275,441,934,993
D3643620_R.png,219,348,860,874
D3643700_R.png,165,283,887,837
D3644237_L.png,280,429,990,1048
D3644340_R.png,180,404,913,988
D3644341_L.png,203,361,931,995
D3644341_R.png,199,271,882,919
D3644348_R.png,226,440,932,1004
D3644530_R.png,167,277,822,1035
D3645313_L.png,599,616,1436,1391
D3645375_R.png,167,490,805,1171
D3645474b_R.png,181,347,836,917
D3645474_R.png,251,584,935,1180
D3645703_R.png,197,450,807,1095
D3645765_L.png,348,546,1072,1185
D3646685_L.png,348,425,1031,1040
D3646725_R.png,238,442,918,1143
D3646771_R.png,272,444,964,1110
D3647093_L.png,367,501,1081,1093
D3647132_L.png,314,478,1025,1092
D3647132_R.png,244,531,901,1137
D3647791_R.png,255,332,1001,1020
D3648234_L.png,342,433,999,1035
D3648551_L.png,329,473,989,1123
D3648551_R.png,206,366,884,1001
D3648668_L.png,307,418,1037,1001
D3648862_R.png,147,536,824,1172
D3649009_R.png,293,480,976,1021
D3649910_L.png,399,629,1231,1370
D3650014b_R.png,388,683,983,1447
D3650014c_R.png,162,673,812,1325
D3650014_R.png,163,663,817,1323
D3650218_L.png,469,607,1154,1201
D3650218_R.png,384,602,1084,1174
D3650249_L.png,270,489,940,1079
D3650249_R.png,206,536,872,1134
D3651049_R.png,224,484,942,1171
D3651237_L.png,191,444,938,1029
D3651304_L.png,410,527,1024,1118
D3651304_R.png,251,477,874,1084
D3651314_L.png,632,614,1289,1245
D3651314_R.png,174,669,845,1326
D3652054b_R.png,194,514,864,1127
D3652054c_R.png,182,405,839,996
D3652054_R.png,210,473,862,1056
D3652132_L.png,350,456,1051,1034
D3653790_R.png,217,484,874,1093
D3653969_L.png,431,490,1101,1041
D3653969_R.png,257,499,952,1113
D3654079_L.png,644,523,1325,1132
D3654079_R.png,349,565,1054,1225
D3654215_L.png,636,526,1357,1180
D3654215_R.png,343,544,1086,1178
D3654378_L.png,442,331,1101,893
D3654994_L.png,327,423,1042,1093
D3655095_R.png,219,568,949,1153
D3655330_L.png,175,524,947,1150
D3655330_R.png,176,587,898,1297
D3656008_L.png,299,544,936,1074
D3656885_L.png,327,497,1061,1098
D3656908_L.png,338,528,1010,1158
D3656908_R.png,314,497,966,1110
D3656958_L.png,310,510,948,1086
D3657023_L.png,340,528,971,1102
D3657049_L.png,423,460,1064,1054
D3657049_R.png,428,518,1088,1099
D3657051_L.png,222,461,950,1015
D3657257_L.png,347,440,1090,1051
D3657258_L.png,437,562,1239,1341
D3657503_R.png,300,341,932,901
D3657526_R.png,319,449,966,977
D3657635_L.png,336,418,1011,966
D3657651_L.png,248,525,917,1044
D3657689_L.png,166,514,956,1157
D3657689_R.png,324,508,1142,1142
D3657727_L.png,377,334,1047,952
D3657727_R.png,394,442,1112,1055
D3657809_L.png,384,314,1015,896
D3658212_L.png,383,510,1061,1105
D3658297_L.png,374,413,1079,1096
D3658369_L.png,292,421,920,956
D3658369_R.png,201,424,825,1012
D3658440_L.png,435,476,1066,1032
D3658440_R.png,268,323,877,944
D3658448_R.png,240,473,856,1168
D3658605_L.png,277,397,929,1058
D365919_L.png,347,489,1016,1052
D365919_R.png,216,443,871,1007
D3659246_R.png,176,433,855,1149
D3659410_L.png,331,480,971,1021
D3659428_R.png,293,384,963,938
D3659639_R.png,348,543,978,1128
D3659719_L.png,328,490,1019,1042
D3659719_R.png,214,464,878,1002
D3659878_L.png,354,476,1018,1093
D3659922_R.png,401,485,990,1043
D3660194_L.png,387,511,1009,1081
D3660194_R.png,285,467,944,993
D3660386_L.png,321,488,1014,1092
D3660470_R.png,241,545,912,1157
D3660492_L.png,147,498,887,1024
D3661294_R.png,232,492,958,1147
D3661365_L.png,364,391,1102,1046
D3661365_R.png,176,307,892,909
D3661379_R.png,163,396,793,937
D3661620_L.png,537,441,1237,1084
D3661620_R.png,216,436,901,1046
D3661636_L.png,395,466,1089,1088
D3661789_R.png,176,417,879,1035
D3661862_R.png,282,318,953,862
D3661932_R.png,209,370,886,894
D3661968_R.png,244,402,936,1008
D3661989_L.png,443,401,1092,937
D3662186_R.png,265,962,1126,1870
D3662271_L.png,382,429,1082,993
D3662278_L.png,413,584,1155,1224
D3662278_R.png,243,480,967,1034
D3662382_L.png,328,502,1014,1047
D3662401_L.png,411,403,1048,970
D3662401_R.png,241,406,922,997
D3662464_L.png,393,350,1019,920
D3663249_L.png,524,456,1174,1110
D3663354_L.png,393,459,1028,1062
D3663814_L.png,326,397,1012,1040
D3663814_R.png,157,456,820,1161
D3664455_L.png,312,514,964,1058
D3667677_L.png,319,877,1216,1716
D3676744_R.png,236,509,942,1114
D3757908_L.png,418,840,1286,1797
D3757910_L.png,355,763,1126,1615
D3759538_L.png,435,943,1268,1813
D3762651_R.png,305,853,1164,1875
D3763625_R.png,358,941,1225,1879
D3765775_L.png,432,486,1068,1007
D3765815_R.png,215,499,870,1053
D3765891_R.png,460,916,1306,1793
D3765921_L.png,354,341,1084,925
D3766047_L.png,456,363,1143,1002
D3766047_R.png,260,389,918,1040
D3766069_R.png,296,501,1003,1158
D3766091_R.png,299,363,1030,999
D3766124_L.png,410,474,1117,1051
D3766217_L.png,382,574,1024,1174
D3766217_R.png,269,575,923,1131
D3766487_L.png,483,329,1159,925
D3766487_R.png,281,403,944,983
D3766518_R.png,288,527,960,1039
D3766520_L.png,378,349,1035,887
D3766580_L.png,324,379,994,968
D3766580_R.png,174,383,846,969
D3766614_L.png,410,492,1062,1051
D3766614_R.png,321,489,987,1038
D3766619_L.png,549,530,1189,1090
D3766626_L.png,481,583,1151,1092
D3766669_L.png,640,516,1279,1114
D3766704_L.png,459,450,1120,1040
D3766704_R.png,331,446,944,1024
D3766810_R.png,355,892,1021,1438
W0201897_R.png,207,782,1084,1539
W0252253_L.png,304,708,1131,1535
W0280609_L.png,148,450,1073,1250
W0280609_R.png,177,660,1098,1504
W0287828_L.png,204,579,1301,1501
W0287828_R.png,179,538,1250,1488
W0315315_R.png,159,577,991,1463
W0387698_L.png,306,454,1226,1389
W0392777_L.png,324,503,1226,1397
W0404013_L.png,833,951,1921,2016
W0404405_R.png,197,698,1163,1680
W0424892_L.png,472,964,1408,1772
W0424892_R.png,352,1037,1349,1906
W0425757_L.png,906,779,1894,1747
W0425757_R.png,275,915,1291,1828
W0435030_L.png,517,797,1496,1694
W0450362_L.png,485,610,1343,1574
W0450362_R.png,173,472,1015,1414
W0459886_L.png,493,652,1363,1433
W0472765_R.png,266,1155,1166,2055
W0485398_L.png,532,952,1384,1761
W0496345_L.png,712,878,1655,1721
W0496345_R.png,166,801,983,1751
W0502271_L.png,574,916,1547,1810
W0503927_L.png,629,690,1446,1433
W0503927_R.png,486,684,1305,1432
W0517737_L.png,1144,807,2017,1631
W0517737_R.png,397,773,1294,1587
W0517755_L.png,660,861,1563,1693
W0517755_R.png,448,1056,1424,1923
W0517903_L.png,527,991,1512,1769
W0517903_R.png,449,806,1432,1740
W0517997_L.png,840,765,1757,1828
W0517997_R.png,486,841,1362,2005
W0518629_R.png,537,1267,1619,2246
W0518691_R.png,501,1036,1456,1988
W0518706_L.png,817,871,1759,1707
W0518706_R.png,476,1062,1432,1937
W0518770_R.png,679,504,1591,1318
W0518879_R.png,580,720,1495,1503
W0519643_R.png,174,795,1019,1858
W0519651_L.png,810,805,1695,1710
W0519651_R.png,231,613,1106,1527
W0520191_R.png,473,734,1327,1586
W0520251_L.png,590,988,1524,1955
W0520251_R.png,357,695,1282,1587
W0520252_R.png,552,842,1518,1666
W0520296_R.png,347,796,1344,1814
W0520312_L.png,579,1013,1522,1770
W0520312_R.png,383,842,1263,1684
W0520455_R.png,588,915,1545,1887
W0520729_L.png,797,846,1694,1651
W0520729_R.png,198,702,1012,1526
W0520883_R.png,69,838,781,1771
W0520912_L.png,518,977,1450,1806
W0520912_R.png,424,1195,1345,1998
W0521020_R.png,360,791,1288,1748
W0521056_L.png,1038,883,1911,1742
W0521056_R.png,135,975,947,1878
W0521605_L.png,436,693,1360,1433
W0521630_L.png,648,848,1664,1720
W0521664_L.png,385,702,1336,1484
W0521733_L.png,508,649,1476,1467
W0521733_R.png,528,659,1507,1541
W0521864_L.png,672,890,1605,1757
W0521864_R.png,392,1000,1304,1976
W0522165_L.png,552,864,1627,1804
W0522165_R.png,290,649,1329,1634
W0522235_L.png,610,697,1505,1536
W0522309_R.png,301,845,1249,1768
W0522503_L.png,549,713,1504,1440
W0522503_R.png,227,1053,1143,1865
W0522762_R.png,595,1046,1336,1924
W0522788_L.png,698,1141,1766,2105
W0522788_R.png,497,932,1520,1862
W0522810_R.png,354,960,1299,2112
W0522811_R.png,408,669,1210,1552
W0523089_L.png,553,801,1588,1703
W0523546_R.png,532,1109,1416,1906
W0523684_L.png,833,798,1709,1615
W0523764_L.png,940,967,1854,1805
W0523765_R.png,131,1177,1013,2010
W0523814_L.png,1046,756,1906,1582
W0523825_L.png,708,657,1749,1524
W0523825_R.png,367,870,1404,1827
W0524225b_R.png,179,786,1019,1598
W0524225_R.png,804,799,1558,1610
W0524839_R.png,601,809,1547,1640
W0525232_R.png,306,618,1161,1486
W0526859b_R.png,350,994,1332,1903
W0526859_L.png,595,791,1530,1705
W0526859_R.png,234,895,1198,1817
W0527332_L.png,751,870,1620,1732
W0527362_L.png,994,1019,1839,1926
W0527362_R.png,492,891,1341,1714
W0527398_L.png,367,853,1313,1653
W0527398_R.png,266,1026,1166,1862
W0527528_R.png,313,926,1174,1674
W0527537_R.png,182,930,1053,1865
W0528400_L.png,553,625,1487,1459
W0528987b_R.png,271,973,1191,1823
W0528987_R.png,287,805,1185,1605
W0529017_R.png,189,856,1137,1753
W0529268_L.png,596,1055,1576,1895
W0529268_R.png,338,814,1275,1572
W0529347_L.png,531,749,1391,1602
W0529347_R.png,256,759,1124,1615
W0529465_L.png,736,872,1767,1812
W0529465_R.png,300,1078,1346,2060
W0529616_R.png,290,955,1238,1894
W0530434_R.png,263,976,1163,1803
W0530477_R.png,328,974,1205,1790
W0530889_L.png,504,735,1509,1598
W0530889_R.png,735,755,1758,1637
W0530932_L.png,852,841,1820,1752
W0531203_L.png,557,784,1457,1581
W0531203_R.png,157,726,1049,1509
W0531429_L.png,860,675,1699,1526
W0531739_L.png,683,937,1639,1784
W0531739_R.png,527,823,1580,1712
W0531764_L.png,879,846,1812,1626
W0531764_R.png,394,753,1325,1542
W0531837_L.png,620,942,1590,1852
W0531837_R.png,585,631,1530,1558
W0531942_L.png,588,645,1580,1497
W0531942_R.png,527,670,1477,1505
W0532327_L.png,600,618,1440,1526
W0532327_R.png,141,736,958,1593
W0532462_R.png,292,712,1265,1568
W0532637_L.png,720,1033,1670,1936
W0532650b_R.png,166,727,1119,1763
W0532650_L.png,473,898,1516,1868
W0532650_R.png,85,936,1152,1827
W0533308_L.png,574,1032,1493,1960
W0533308_R.png,435,921,1265,1837
W0533607_L.png,715,898,1569,1581
W0534095_L.png,714,892,1611,1655
W0534095_R.png,383,776,1285,1596
W0534550_R.png,719,959,1619,1743
W0534576_L.png,538,878,1430,1695
W0534576_R.png,515,579,1386,1338
W0534663_L.png,469,779,1356,1602
W0534663_R.png,614,559,1521,1420
W0535107_R.png,320,869,1181,1714
W0535313_L.png,503,758,1417,1587
W0535313_R.png,246,731,1164,1639
W0535335_L.png,818,843,1630,1562
W0535335_R.png,217,784,1032,1589
W0535469_L.png,539,931,1539,1792
W0535470_R.png,309,731,1350,1687
W0535480_R.png,310,962,1264,1780
W0535509_L.png,716,823,1776,1803
W0535509_R.png,254,746,1283,1728
W0535521_L.png,391,741,1548,1772
W0535524_L.png,561,1028,1529,1906
W0535524_R.png,248,899,1233,1821
W0535737_L.png,548,725,1415,1513
W0535737_R.png,308,779,1226,1518
W0535792_R.png,229,849,1172,1639
W0535832_L.png,576,874,1514,1690
W0535832_R.png,339,752,1294,1630
W0535894_L.png,558,606,1630,1543
W0535894_R.png,322,929,1385,1876
W0536084_L.png,612,784,1595,1667
W0536084_R.png,323,788,1329,1710
W0536314_R.png,521,1000,1300,1955
W0536513_L.png,625,1177,1512,2048
W0536513_R.png,450,678,1299,1534
W0536676_L.png,495,624,1395,1429
W0536676_R.png,526,690,1432,1412
W0536785_R.png,402,709,1297,1591
W0537136_L.png,585,781,1454,1568
W0537306_L.png,544,652,1417,1589
W0537306_R.png,262,606,1152,1432
W0537327_L.png,517,807,1397,1771
W0538904_R.png,335,725,1175,1644
W0538917_L.png,673,833,1619,1648
W0539005_L.png,438,892,1395,1735
W0539239_L.png,501,862,1472,1617
W0539258_L.png,549,691,1442,1483
W0539258_R.png,461,635,1386,1456
W0539290b_L.png,829,738,1708,1653
W0539290_L.png,582,581,1519,1424
W0539290_R.png,575,590,1507,1454
W0539605_R.png,527,879,1340,1784
W0540707_L.png,361,789,1338,1719
W0540712_L.png,692,496,1644,1465
W0540712_R.png,533,833,1578,1841
W0540755_L.png,587,556,1443,1356
W0540755_R.png,514,784,1404,1579
W0540804_L.png,391,675,1443,1501
W0540804_R.png,470,662,1549,1590
W0540862_R.png,450,884,1422,1806
W0540872_L.png,556,690,1532,1516
W0540872_R.png,504,827,1432,1645
W0540895_L.png,948,891,1866,1720
W0540953_L.png,484,928,1598,1871
W0540964_R.png,375,666,1272,1473
W0540992_L.png,605,866,1527,1701
W0541014_R.png,515,688,1408,1516
W0541052_L.png,456,903,1410,1741
W0541052_R.png,459,651,1386,1496
W0541053_L.png,588,653,1474,1467
W0541053_R.png,448,857,1355,1724
W0541395_L.png,601,902,1552,1754
W0541395_R.png,269,809,1266,1628
W0541473_R.png,221,773,1278,1765
W0541627_L.png,888,1011,1855,1878
W0541627_R.png,484,1112,1477,1974
W0541745_L.png,655,710,1697,1724
W0541745_R.png,481,876,1593,1910
W0541872_R.png,573,943,1585,1787
W0541907_R.png,558,991,1512,1941
W0542029_L.png,544,794,1406,1644
W0542042_L.png,536,946,1427,1762
W0542042_R.png,276,1192,1141,2082
W0542058_L.png,735,937,1662,1762
W0542058_R.png,506,867,1452,1732
W0542103_L.png,403,1166,1399,2116
W0542103_R.png,199,973,1152,1820
W0542300_L.png,650,1057,1628,1901
W0542300_R.png,416,1080,1352,2024
W0542536_L.png,498,680,1458,1465
W0542554_R.png,494,845,1394,1594
W0542619_L.png,679,865,1700,1717
W0542619_R.png,528,563,1525,1458
W0542623_L.png,526,756,1461,1571
W0542653_L.png,607,760,1558,1615
W0542706_R.png,544,726,1464,1524
W0542726_L.png,443,856,1393,1629
W0542853_L.png,582,694,1592,1556
W0542853_R.png,560,685,1558,1592
W0542941_L.png,469,652,1542,1507
W0542941_R.png,620,725,1688,1628
W0543041_L.png,406,965,1379,1776
W0543121_R.png,515,973,1504,1919
W0543141_R.png,469,838,1412,1628
W0543154_L.png,749,759,1731,1587
W0543154_R.png,403,774,1335,1621
W0543535_L.png,957,713,1912,1760
W0543580_L.png,570,600,1483,1426
W0543580_R.png,246,672,1138,1549
W0543581_L.png,579,514,1517,1346
W0543581_R.png,93,406,1020,1220
W0543694_R.png,442,869,1526,1880
W0543796_R.png,368,962,1357,1924
W0543806_L.png,717,947,1659,1875
W0543843_R.png,311,874,1277,1700
W0544147_L.png,590,846,1543,1746
W0544147_R.png,409,1184,1430,2123
W0544218_R.png,372,887,1231,1859
W0544267_L.png,415,1075,1373,1927
W0544518_L.png,252,617,1196,1337
W0544582_L.png,386,609,1274,1421
W0544582_R.png,321,547,1193,1405
W0544585_R.png,160,372,911,1101
W0544633_L.png,766,927,1695,1777
W0544633_R.png,281,738,1023,1774
W0544635_L.png,467,627,1369,1509
W0544635_R.png,169,541,1074,1408
W0544667_R.png,169,536,1112,1505
W0544671_L.png,299,479,1249,1337
W0544671_R.png,205,514,1091,1353
W0544697_L.png,358,816,1231,1670
W0544750_R.png,528,747,1468,1575
W0544911_L.png,848,1006,1793,1974
W0544968_R.png,364,902,1282,1930
W0545088_L.png,573,809,1532,1685
W0545088_R.png,464,1008,1334,1924
W0545153_L.png,691,657,1438,1418
W0545265_L.png,339,889,1426,1870
W0545265_R.png,207,798,1260,1791
W0545303_L.png,534,862,1477,1741
W0545569_L.png,654,485,1561,1355
W0545569_R.png,382,560,1291,1497
W0545742_R.png,523,693,1512,1550
W0545994_L.png,373,703,1348,1509
W0545994_R.png,329,736,1324,1544
W0546055_L.png,795,723,1708,1653
W0546076_L.png,486,552,1502,1409
W0546102_L.png,607,825,1541,1885
W0546108_R.png,337,838,1311,1571
W0546242_L.png,519,736,1366,1533
W0546259_L.png,907,1377,1925,2316
W0546275_R.png,312,734,1205,1475
W0546372_L.png,375,689,1215,1595
W0546507_R.png,234,883,1232,1739
W0546595_L.png,420,519,1272,1255
W0546777_L.png,637,1004,1652,1801
W0546777_R.png,320,1021,1274,1930
W0546840_R.png,308,1242,1253,1974
W0546907_L.png,666,1402,1752,2291
W0547139_L.png,537,750,1560,1604
W0547139_R.png,166,687,1177,1535
W0547258_L.png,550,783,1460,1530
W0547263_R.png,322,595,1238,1331
W0547311_R.png,421,797,1394,1670
W0547459_L.png,540,929,1426,1694
W0547459_R.png,125,658,910,1538
W0547463_L.png,379,907,1312,1782
W0547549_R.png,313,835,1254,1704
W0547709_R.png,557,1098,1557,1945
W0547802_R.png,322,1216,1347,2133
W0547823_L.png,674,1098,1568,1832
W0547823_R.png,478,1140,1369,1905
W0548081_L.png,424,480,1179,1138
W0548081_R.png,413,582,1200,1182
W0548214_L.png,519,711,1411,1475
W0548565_L.png,529,612,1498,1430
W0548584_R.png,156,667,1083,1407
W0548624_R.png,365,750,1319,1690
W0548639_R.png,260,643,1153,1418
W0548675_L.png,548,570,1570,1516
W0548837_R.png,403,831,1384,1672
W0548849_R.png,412,605,1360,1633
W0548850_L.png,486,660,1380,1498
W0549025_L.png,536,684,1380,1576
W0549025_R.png,110,765,845,1692
W0549404_L.png,880,934,1911,1795
W0549404_R.png,184,914,1212,1865
W0550598_L.png,727,702,1730,1661
W0550598_R.png,225,836,1168,1739
W0550599_L.png,443,685,1520,1642
W0550865_L.png,426,685,1445,1528
W0550865_R.png,381,759,1386,1564
W0550908_L.png,368,699,1282,1494
W0551434_L.png,754,688,1646,1537
W0551434_R.png,314,758,1239,1589
W0551710_L.png,479,701,1387,1548
W0551716_R.png,229,647,1205,1536
W0551823_L.png,413,794,1338,1586
W0552012_R.png,323,810,1297,1775
W0552195_L.png,503,932,1533,1914
W0552236_L.png,821,1147,1679,1892
W0552236_R.png,455,923,1297,1709
W0552329_R.png,252,747,1100,1542
W0552447_L.png,739,785,1708,1649
W0552447_R.png,200,741,1185,1610
W0552880_R.png,387,851,1393,1757
W0552908_L.png,550,703,1548,1566
W0552966_R.png,339,669,1279,1429
W0553009_R.png,357,595,1388,1490
W0553068_L.png,509,801,1473,1679
W0553068_R.png,387,725,1355,1606
W0553279_L.png,423,755,1254,1484
W0553391_L.png,538,941,1455,1778
W0553391_R.png,379,876,1302,1753
W0553555_R.png,360,447,1231,1176
W0553590_R.png,294,544,1291,1429
W0553634_R.png,238,676,1185,1524
W0553734_R.png,414,773,1285,1500
W0553742_L.png,770,646,1777,1539
W0553751_L.png,622,920,1681,1717
W0554117_L.png,546,1009,1585,1879
W0554117_R.png,167,1105,1182,1966
W0567939_R.png,190,664,1154,1671
W0572607_L.png,383,519,1168,1299
W0572608_L.png,805,888,1728,1805
W0573030_L.png,618,814,1497,1605
W0573048_L.png,668,948,1468,1758
W0573049_L.png,343,575,1275,1384
W0573053_L.png,704,730,1587,1504
W0573053_R.png,437,823,1262,1601
W0573106_R.png,199,837,1116,1667
W0573118_R.png,316,639,1184,1359
W0573162_R.png,265,714,1262,1633
W0573227_R.png,305,899,1297,1730
W0573236_R.png,255,685,1150,1559
W0573237_L.png,581,943,1612,1896
W0573290_R.png,402,1027,1421,1961
W0573291_R.png,363,846,1306,1700
W0573292_R.png,433,824,1317,1695
W0573420_R.png,333,942,1271,1836
W0573467_L.png,678,617,1685,1562
W0573467_R.png,196,531,1187,1500
W0573816_L.png,486,635,1498,1435
W0573816_R.png,252,785,1279,1672
W0573832_L.png,635,790,1638,1844
W0573855_L.png,488,933,1432,1768
W0573930_R.png,355,631,1350,1400
W0573935_L.png,509,542,1459,1398
